[?25l[39m [38;2;0;0;0m                               [38;2;230;129;131m__yygg$@@@@@@@[38;2;234;142;126m@[38;2;238;158;117m@@@@$ggyy__                                [39m
 [38;2;0;0;0m                         [38;2;202;114;115m_[38;2;230;129;131m_yg@@@@@@@@@@@@@@[38;2;236;152;121m@[38;2;238;158;117m@@@@@@@@@@@@@@@gy_[38;2;202;135;100m_                          [39m
 [38;2;0;0;0m                     [38;2;229;128;130m_[38;2;230;129;131myg@@@@@@@@@@@@@@@@@[38;2;238;157;118m@[38;2;238;158;117m@@@@@@@@@@@@@@@@@@@@[38;2;231;187;136m@[38;2;228;199;143m@gy[38;2;223;195;140m_                      [39m
 [38;2;0;0;0m                  [38;2;230;129;131m_y$@@@@@@@@@@@@@@@@@@[38;2;238;158;117m@@@@@@@@@@@@@@@@@@@@@[38;2;229;197;142m@[38;2;228;199;143m@@@@@@@y_                   [39m
 [38;2;0;0;0m               [38;2;230;129;131m_y@@@@@@@@@@@@@@@@@@@@[38;2;238;158;117m@@@@@@@@@@@@@@@@@@@@@[38;2;228;199;143m@@@@@@@@@@@@@y[38;2;227;198;142m_                [39m
 [38;2;0;0;0m             [38;2;230;129;131myg@@@@@@@@@@@@@@@@@@@@[38;2;238;158;118m@[38;2;238;158;117m@@@@@@@@@@@@@@@@@@@@[38;2;228;199;143m@@@@@@@@@@@@@@@@@g_              [39m
 [38;2;0;0;0m           [38;2;230;129;131my$@@@@@@@@@@@@@@@@@@@@[38;2;238;158;117m@@@@@@@@@@@@@@@@@@@@@[38;2;228;199;143m@@@@@@@@@@@@@@@@@@@@@[38;2;187;206;139m@[38;2;165;208;136my            [39m
 [38;2;0;0;0m         [38;2;230;129;131my$@@@@@@@@@@@@@@@@@@@@[38;2;238;158;117m@@@@@@@@@@@@@@@@@@@@@[38;2;228;199;143mPFT[38;2;179;157;117mT[38;2;113;101;86mT[38;2;93;84;77m~[38;2;95;86;78mT[38;2;142;125;98mT[38;2;197;172;127m7[38;2;228;199;143mTF[38;2;226;197;142mA[38;2;228;199;143m@@@@@@@@@[38;2;165;208;136m@@@@@_          [39m
 [38;2;0;0;0m       [38;2;202;116;115m_[38;2;230;129;131ma@@@@@@@@@@@@@@@@@@@@[38;2;238;158;117m@@@@@@@@@@@@@@@@@@@M[38;2;228;152;114m~[38;2;36;39;57m`[38;2;34;38;52m::::::::::::::[38;2;42;44;60m`[38;2;143;126;99m7[38;2;215;188;136m5[38;2;228;199;143m@@@[38;2;165;208;136m@@@@@@@@g[38;2;124;157;107m_        [39m
 [38;2;0;0;0m      [38;2;230;129;131my@@@@@@@@@@@@@@@@@@@[38;2;230;130;131m@[38;2;238;158;117m@@@@@@@@@@@@@@@@@@@[38;2;179;121;96mT[38;2;35;38;55m`[38;2;34;38;52m::::::::::::::::::::[38;2;35;38;55m`[38;2;186;203;138m~[38;2;165;208;136m$@@@@@@@@@@y       [39m
 [38;2;0;0;0m     [38;2;230;129;131ma@@@@@@@@@@@@@@@@@@[38;2;232;135;129m@[38;2;238;158;117m@@@@@@@@@@@@@@@@@@@[38;2;235;156;116mF[38;2;35;38;54m`[38;2;34;38;52m::::::::::[38;2;86;78;74m_[38;2;166;146;111m_[38;2;161;142;108m_[38;2;84;77;74m_[38;2;34;38;52m:::::::::::[38;2;103;128;94m7[38;2;165;208;136m@@@@@@@@@@g      [39m
 [38;2;0;0;0m    [38;2;230;129;131ma@@@@@@@@@@@@@@@@@[38;2;234;145;125m@[38;2;238;158;117m@@@@@@@@@@@@@@@@@@@@[38;2;231;154;115m~[38;2;34;38;52m::::::::[38;2;137;121;96m_[38;2;228;199;143mg$@@@@@@@g[38;2;194;170;125my[38;2;34;38;52m::::::::[38;2;133;168;115m"[38;2;165;208;136m@@@@@@@@@@$     [39m
 [38;2;0;0;0m   [38;2;230;129;131mg@@@@@@@@@@@@@@@@[38;2;237;154;120m@[38;2;238;158;117m@@@@@@@@@@@@@@@@@@@@[38;2;234;176;129m@[38;2;216;189;137m$[38;2;34;38;52m::::::::[38;2;228;199;143mg@@@@@@@@@@[38;2;225;200;143m@[38;2;165;208;136m@@[38;2;36;39;56m:[38;2;34;38;52m:::::::[38;2;102;127;94m4[38;2;165;208;136m@@@@@@@@@@[38;2;132;192;219m$    [39m
 [38;2;0;0;0m  [38;2;230;129;131ma@@@@@@@@@@@@@@@[38;2;238;158;117m@@@@@@@@@@@@@@@@@@@@@[38;2;231;190;137m@[38;2;228;199;143m@@[38;2;96;87;79mF[38;2;34;38;52m:::::::[38;2;36;39;58mu[38;2;228;199;143m@@@@@@@@@[38;2;210;202;141m@[38;2;165;208;136m@@@@L[38;2;34;38;52m:::::::[38;2;35;38;53m`[38;2;165;208;136m@@@@@@@[38;2;165;208;139m@[38;2;132;192;219m@@@$   [39m
 [38;2;0;0;0m [38;2;230;129;131mg@@@@@@@@@@@@@@[38;2;238;158;117m@@@@@@@@@@@@@@@@@@@@@[38;2;229;198;143m@[38;2;228;199;143m@@@@[38;2;158;139;108mL[38;2;34;38;52m:::::::[38;2;131;117;96m4[38;2;228;199;143m@@@@@@@[38;2;188;205;139m@[38;2;165;208;136m@@@@@@[38;2;147;184;124m$[38;2;34;38;52m::::::::[38;2;165;208;136m@@@@@[38;2;158;205;159m@[38;2;132;192;219m@@@@@@L  [39m
 [38;2;162;92;92m_[38;2;230;129;131m@@@@@@@@@@@@@[38;2;238;158;117m@@@@@@@@@@@@@@@@@@@@@[38;2;228;199;143m@@@@@@@[38;2;159;140;108mL[38;2;34;38;52m:::::::[38;2;116;104;89m4[38;2;228;199;143m@@@@@[38;2;170;208;137m@[38;2;165;208;136m@@@@@@@@@[38;2;35;38;53m:[38;2;34;38;52m::::::[38;2;161;203;134mg[38;2;165;208;136m@@@[38;2;147;199;189m@[38;2;132;192;219m@@@@@@@@@, [39m
 [38;2;230;129;131ma@@@@@@@@@@@[38;2;238;158;117m@@@@@@@@@@@@@@@@@@@@@[38;2;228;199;143m@@@@@@@@@[38;2;159;141;109mL[38;2;34;38;52m:::::::[38;2;118;106;90m4[38;2;228;199;143m@@@[38;2;165;208;136m@@@@@@@@@@@@@gy[38;2;160;201;132my[38;2;165;208;136myy$@@[38;2;136;194;212m@[38;2;132;192;219m@@@@@@@@@@@$ [39m
 [38;2;230;129;131m@@@@@@@@@@[38;2;238;158;117m@@@@@@@@@@@@@@@@@@@@@[38;2;228;199;143m@@@@@@@@@@@[38;2;160;141;109mL[38;2;34;38;52m:::::::[38;2;128;114;94m4[38;2;228;199;143m@[38;2;165;208;136m@@@@@@@@@@@@@@@@@@@@@[38;2;132;192;219m@@@@@@@@@@@@@@@ [39m
[38;2;230;129;131mg@@@@@@@@[38;2;238;158;117m@@@@@@@@@@@@@@@@@@@@@[38;2;228;199;143m@@@@@@@@@@@@@[38;2;160;141;109mL[38;2;34;38;52m:::::::[38;2;122;133;100m4[38;2;165;208;136m@@@@@@@@@@@@@@@@@@@@[38;2;132;192;219m@@@@@@@@@@@@@@@@@L[39m
[38;2;230;129;131m$@@@@@@[38;2;238;158;117m@@@@@@@@@@@@@@@@@@@@@[38;2;228;199;143m@R#FFFFFFFFF@@@[38;2;161;142;110mL[38;2;34;38;52m:::::::[38;2;115;144;103m"[38;2;165;208;136mFFFFFFFF#@@@@@@@@@[38;2;132;192;219m@@@@@@@@@@@@@@@@@@@$[39m
[38;2;230;129;131m$@@@[38;2;230;130;131m@[38;2;238;158;117m@@@@@@@@@@@@@@@@@@@M[38;2;234;156;116mT[38;2;132;115;93m~[38;2;36;39;56m`[38;2;34;38;52m:::::::::::[38;2;35;38;53m`[38;2;228;199;143m@@@[38;2;162;143;110mL[38;2;34;38;52m:::::::::::::::::[38;2;35;38;54m`[38;2;139;174;118m4[38;2;165;208;136m@@@@@[38;2;132;192;219m@@@@@@@@@@@@@@@@@@@@@[38;2;201;157;229m@[39m
[38;2;230;129;131m@@[38;2;232;137;128m@[38;2;238;158;117m@@@@@@@@@@@@@@@@@@[38;2;235;156;116mM[38;2;85;64;67m~[38;2;34;38;52m::::::::::::::::[38;2;35;38;53m`[38;2;228;199;143m@@@[38;2;162;143;110mL[38;2;34;38;52m:::::::::::::::::::[38;2;165;208;136m@@@[38;2;132;192;219m@@@@@@@@@@@@@@@@@@@@@[38;2;201;157;229m@@@[39m
[38;2;238;157;118m$[38;2;238;158;117m@@@@@@@@@@@@@@@@@@[38;2;233;155;116mF[38;2;36;39;57m`[38;2;34;38;52m::::::::::::::::::[38;2;35;38;53m`[38;2;228;199;143m@@@[38;2;120;150;106mL[38;2;34;38;52m:::::::::::::::::[38;2;132;166;113my[38;2;165;208;136mg@[38;2;132;192;219m@@@@@@@@@@@@@@@@@@@@@[38;2;201;157;229m@@@@@[39m
[38;2;238;158;117m$@@@@@@@@@@@@@@@@E[38;2;35;39;56m~[38;2;34;38;52m:::::::::[38;2;220;192;139m_[38;2;225;197;142mg[38;2;228;199;143mgg$$$@@@@@[38;2;222;200;143m@[38;2;165;208;136m@@[38;2;120;151;107mL[38;2;34;38;52m:::::::[38;2;49;58;64m4[38;2;165;208;136m@@@@@@@@@@[38;2;132;192;219m@@@@@@@@@@@@@@@@@@@@@[38;2;201;157;229m@@@@@@$[39m
[38;2;238;158;117m4@@@@@@@@@@@@@@@[38;2;237;158;117mE[38;2;34;38;52m::::::::[38;2;98;88;79m_[38;2;228;199;143mg@@@@@@@@@@@[38;2;205;203;141m@[38;2;165;208;136m@@@@[38;2;121;151;107mL[38;2;34;38;52m:::::::[38;2;108;134;98m4[38;2;165;208;136m@@@@@@@[38;2;163;207;143m@[38;2;132;192;219m@@@@@@@@@@@@@@@@@@@@@[38;2;201;157;229m@@@@@@@@F[39m
 [38;2;238;158;117m@@@@@@@@@@@@@@[38;2;228;199;143m@[38;2;34;38;52m::::::::[38;2;204;178;131mg[38;2;228;199;143m@@@@@@@@@@@[38;2;182;206;138m@[38;2;165;208;136m@@@@@@[38;2;122;152;108mL[38;2;34;38;52m:::::::[38;2;96;120;92m4[38;2;165;208;136m@@@@@[38;2;156;203;167m@[38;2;132;192;219m@@@@@@@@@@@@@@@@@@@@[38;2;135;191;220m@[38;2;201;157;229m@@@@@@@@@@ [39m
 [38;2;238;158;117m9@@@@@@@@@@@[38;2;228;199;143m@@[38;2;82;75;73m^[38;2;34;38;52m:::::::[38;2;44;45;60my[38;2;228;199;143m@@@@@@@@@@[38;2;167;208;137m@[38;2;165;208;136m@@@@@@@@[38;2;122;153;108mL[38;2;34;38;52m:::::::[38;2;90;112;88m4[38;2;165;208;136m@@@[38;2;144;198;196m@[38;2;132;192;219m@@@@@@@@@@@@@@@@@@@@[38;2;155;183;222m@[38;2;201;157;229m@@@@@@@@@@@$ [39m
 [38;2;221;148;110m"[38;2;238;158;117m@@@@@@@@@[38;2;228;199;143m@@@@[38;2;34;38;52m::::::::[38;2;228;199;143ma@@@@@@@@[38;2;165;208;136m@@@@@@@@@@@[38;2;118;147;105mL[38;2;34;38;52m:::::::[38;2;104;130;96m4[38;2;165;208;136m@[38;2;135;193;215m@[38;2;132;192;219m@@@@@@@@@@@@@@@@@@@@[38;2;180;170;226m@[38;2;201;157;229m@@@@@@@@@@@@@[38;2;160;124;182m" [39m
 [38;2;0;0;0m [38;2;238;158;117m4@@@@@@[38;2;228;199;143m@@@@@@[38;2;35;38;54m:[38;2;34;38;52m:::::::[38;2;207;181;132m4[38;2;228;199;143m@@@@@@[38;2;165;208;136m@@@@@@@@@@@@@[38;2;36;39;56m'[38;2;34;38;52m:::::::[38;2;156;204;165md[38;2;132;192;219m@@@@@@@@@@@@@@@@@@@@[38;2;197;160;228m@[38;2;201;157;229m@@@@@@@@@@@@@@F  [39m
 [38;2;0;0;0m  [38;2;238;158;117m9@@@[38;2;228;199;143m@@@@@@@@[38;2;210;184;134mK[38;2;34;38;52m:::::::[38;2;35;38;53m`[38;2;228;199;143mR@@@[38;2;165;208;136m@@@@@@@@@@@@@@[38;2;115;144;102mM[38;2;34;38;52m::::::::[38;2;132;192;219m$@@@@@@@@@@@@@@@@@@[38;2;201;157;229m@@@@@@@@@@@@@@@@@   [39m
 [38;2;0;0;0m   [38;2;238;158;117m9[38;2;228;199;143m@@@@@@@@@@@[38;2;190;166;124m_[38;2;34;38;52m:::::::[38;2;34;38;53m`[38;2;218;191;138m7[38;2;165;208;136m@@@@@@@@@@@@@@@[38;2;161;202;133m~[38;2;34;38;52m::::::::[38;2;132;192;219mg@@@@@@@@@@@@@@@@@[38;2;201;157;229m@@@@@@@@@@@@@@@@@@    [39m
 [38;2;0;0;0m    [38;2;228;199;143m@@@@@@@@@@@@[38;2;127;113;92my[38;2;34;38;52m::::::::[38;2;35;38;55m`[38;2;157;198;131m~[38;2;165;208;136mMR@@@@@@@@F[38;2;113;142;100m~[38;2;34;38;52m:::::::::[38;2;132;192;219mg@@@@@@@@@@@@@@@@[38;2;201;157;229m@@@@@@@@@@@@@@@@@@@     [39m
 [38;2;0;0;0m     [38;2;228;199;143m4@@@@@@@@@@@g[38;2;35;38;55m;[38;2;34;38;52m::::::::::[38;2;35;38;53m`[38;2;36;39;57m`[38;2;90;113;86m"[38;2;115;144;101m"[38;2;73;90;75m"[38;2;36;39;57m`[38;2;34;38;52m:::::::::::[38;2;92;132;154my[38;2;132;192;219mg@@@@@@@@@@@@@@@[38;2;201;157;229m@@@@@@@@@@@@@@@@@@@F      [39m
 [38;2;0;0;0m      [38;2;228;199;143m~@@@@@@@@@@@[38;2;227;199;143m@[38;2;165;208;136mg[38;2;149;187;125m_[38;2;34;38;52m:::::::::::::::::::::::[38;2;122;176;201my[38;2;132;192;219mg@@@@@@@@@@@@@@@[38;2;201;157;229m@@@@@@@@@@@@@@@@@@@@~       [39m
 [38;2;0;0;0m       [38;2;178;158;115m`[38;2;228;199;143mR@@@@@@@[38;2;220;200;143m@[38;2;165;208;136m@@@@$g_[38;2;34;38;52m::::::::::::::::[38;2;70;98;118m_[38;2;126;183;209my[38;2;132;192;219mg@@@@@@@@@@@@@@@@[38;2;201;157;229m@@@@@@@@@@@@@@@@@@@@P [38;2;0;0;0m        [39m
 [38;2;0;0;0m         [38;2;228;199;143m~@@@@[38;2;200;204;140m@[38;2;165;208;136m@@@@@@@@@@@ggy[38;2;153;192;128my[38;2;113;142;101my[38;2;83;103;82my[38;2;76;94;78my[38;2;100;125;91my[38;2;132;166;113my[38;2;132;192;219myggg@@@@@@@@@@@@@@@@@[38;2;133;192;219m@[38;2;201;157;229m@@@@@@@@@@@@@@@@@@@@@~          [39m
 [38;2;0;0;0m           [38;2;228;199;143m~[38;2;182;206;138m@[38;2;165;208;136m@@@@@@@@@@@@@@@@@@@@[38;2;152;202;176m@[38;2;132;192;219m@@@@@@@@@@@@@@@@@@@@[38;2;142;189;220m@[38;2;201;157;229m@@@@@@@@@@@@@@@@@@@@@~            [39m
 [38;2;0;0;0m             [38;2;165;208;136m~R@@@@@@@@@@@@@@@@[38;2;141;197;202m@[38;2;132;192;219m@@@@@@@@@@@@@@@@@@@@[38;2;166;178;223m@[38;2;201;157;229m@@@@@@@@@@@@@@@@@@@@P~              [39m
 [38;2;0;0;0m               [38;2;163;206;135m`[38;2;165;208;136m~@@@@@@@@@@@@[38;2;134;193;217m@[38;2;132;192;219m@@@@@@@@@@@@@@@@@@@@[38;2;188;166;227m@[38;2;201;157;229m@@@@@@@@@@@@@@@@@@@@F[38;2;193;151;220m`                [39m
 [38;2;0;0;0m                  [38;2;126;158;108m~[38;2;165;208;136m~@@@@@@@[38;2;132;192;219m@@@@@@@@@@@@@@@@@@@@@[38;2;200;158;229m@[38;2;201;157;229m@@@@@@@@@@@@@@@@@@@F[38;2;136;106;155m~                   [39m
 [38;2;0;0;0m                     [38;2;158;199;132m`[38;2;165;208;136m~4@[38;2;132;192;219m@@@@@@@@@@@@@@@@@@@@@[38;2;201;157;229m@@@@@@@@@@@@@@@@@@P~[38;2;180;140;205m`                      [39m
 [38;2;0;0;0m                         [38;2;105;152;174m`[38;2;132;192;219m~~4@@@@@@@@@@@@@@@[38;2;201;157;229m@@@@@@@@@@@@@@@PF~[38;2;152;118;173m`                          [39m
 [38;2;0;0;0m                               [38;2;132;192;219m`~~FP4R@@@@[38;2;201;157;229m@@@@@@@@RPPF~~`                                [39m
[?25h