[?25l[39m [38;2;0;0;0m                  [38;2;176;99;100m_[38;2;230;129;131m_yygg@@@@@@[38;2;238;158;117m@@@@$gyy_[38;2;178;119;88m_                   [39m
 [38;2;0;0;0m              [38;2;230;129;131m_yg@@@@@@@@@@[38;2;231;131;131m@[38;2;238;158;117m@@@@@@@@@@@@@[38;2;228;199;143mgy_               [39m
 [38;2;0;0;0m           [38;2;230;129;131m_a@@@@@@@@@@@@[38;2;232;138;128m@[38;2;238;158;117m@@@@@@@@@@@@@[38;2;238;160;119m@[38;2;228;199;143m@@@@@g_            [39m
 [38;2;0;0;0m        [38;2;205;117;117m_[38;2;230;129;131my@@@@@@@@@@@@@[38;2;235;146;124m@[38;2;238;158;117m@@@@@@@@@@@@@[38;2;236;169;124m@[38;2;228;199;143m@@@@@@@@@@y[38;2;190;167;121m_         [39m
 [38;2;0;0;0m      [38;2;213;120;121m_[38;2;230;129;131ma@@@@@@@@@@@@@[38;2;237;153;121m@[38;2;238;158;117m@@@@@@@@@@@@@[38;2;233;180;131m@[38;2;228;199;143m@@@@@@@@@@@@@[38;2;217;201;142m@[38;2;165;208;136mg[38;2;145;182;122m_       [39m
 [38;2;0;0;0m     [38;2;230;129;131my@@@@@@@@@@@@@[38;2;238;157;118m@[38;2;238;158;117m@@@@@@@@@@@@[38;2;237;158;117mR[38;2;238;158;117mT[38;2;178;156;117m~[38;2;36;39;56m`[38;2;34;38;52m::::[38;2;35;38;53m`[38;2;88;80;75m"[38;2;101;90;79m7[38;2;228;199;143mT@@@[38;2;202;204;140m@[38;2;165;208;136m@@@@y      [39m
 [38;2;0;0;0m   [38;2;230;129;131m_g@@@@@@@@@@@@[38;2;238;158;117m@@@@@@@@@@@@@[38;2;227;151;113mF[38;2;35;38;55m`[38;2;34;38;52m:::::::::::::[38;2;151;133;103m`[38;2;160;201;133mM[38;2;165;208;136m@@@@@@$_    [39m
 [38;2;0;0;0m  [38;2;230;129;131my@@@@@@@@@@@@[38;2;238;158;117m@@@@@@@@@@@@@@[38;2;34;38;52m~:::::[38;2;199;174;128my[38;2;228;199;143mgggg[38;2;214;187;136ma[38;2;174;152;114my[38;2;34;38;52m:::::[38;2;121;152;106m"[38;2;165;208;136m@@@@@@@[38;2;129;163;110my   [39m
 [38;2;0;0;0m [38;2;230;129;131my@@@@@@@@@@@[38;2;238;158;117m@@@@@@@@@@@@@@[38;2;228;199;143m@[38;2;36;38;56m`[38;2;34;38;52m::::[38;2;122;108;89m_[38;2;228;199;143m@@@@@@@[38;2;165;208;136m@@[38;2;35;38;54m;[38;2;34;38;52m::::[38;2;147;185;124m"[38;2;165;208;136m@@@@@@[38;2;136;194;213m@[38;2;104;150;172my  [39m
 [38;2;184;104;105m_[38;2;230;129;131m@@@@@@@@@@[38;2;238;158;118m@[38;2;238;158;117m@@@@@@@@@@@@@[38;2;228;199;143m@@@[38;2;34;38;52m:::::[38;2;228;199;143ma@@@@@[38;2;165;208;136m@@@@[38;2;155;195;130mF[38;2;34;38;52m:::::[38;2;165;208;136m@@@@[38;2;132;192;219m@@@@, [39m
 [38;2;230;129;131m$@@@@@@@@[38;2;238;158;117m@@@@@@@@@@@@@@[38;2;228;199;143m@@@@@[38;2;34;38;52m:::::[38;2;81;76;76m$[38;2;228;199;143m@@@[38;2;165;208;136m@@@@@@K[38;2;34;38;52m::::[38;2;156;197;130mg[38;2;165;208;136m@@[38;2;132;192;219m@@@@@@$ [39m
[38;2;197;113;112my[38;2;230;129;131m@@@@@@@[38;2;238;158;117m@@@@@@@@@@@@@@[38;2;228;199;143m@@@@@@@[38;2;34;38;52m:::::[38;2;96;88;81m$[38;2;228;199;143m@[38;2;165;208;136m@@@@@@@@@@$$@@[38;2;132;192;219m@@@@@@@@@[38;2;121;175;200mL[39m
[38;2;230;129;131m$@@@@@[38;2;238;158;117m@@@@@@@@@@@@@@[38;2;228;199;143m@@@@@@@@@[38;2;34;38;52m:::::[38;2;96;120;91m$[38;2;165;208;136m@@@@@@@@@@@@@[38;2;132;192;219m@@@@@@@@@@@$[39m
[38;2;230;129;131m$@@@[38;2;238;158;117m@@@@@@@@@@@@@A[38;2;228;199;143mFT[38;2;153;134;104mT[38;2;127;112;91m~[38;2;221;193;140m"[38;2;219;191;139m"[38;2;218;191;138m"[38;2;217;189;137m"[38;2;228;199;143m4@@[38;2;34;38;52m:::::[38;2;158;199;131m`[38;2;155;195;129m"[38;2;152;191;127m"[38;2;150;189;126m"[38;2;148;186;124m""[38;2;118;149;104m7[38;2;165;208;136mR@@@@[38;2;132;192;219m@@@@@@@@@@@@@@[39m
[38;2;230;129;131m@@[38;2;238;158;117m@@@@@@@@@@@@[38;2;201;135;103mM[38;2;107;76;72m"[38;2;34;38;52m::::::::::[38;2;228;199;143m4@@[38;2;34;38;52m:::::::::::::[38;2;165;208;136m@@[38;2;132;192;219m@@@@@@@@@@@@@@[38;2;201;157;229m@@[39m
[38;2;238;158;117m$@@@@@@@@@@@[38;2;166;112;91mM[38;2;34;38;52m::::::[38;2;82;75;71m_[38;2;131;115;92my[38;2;228;199;143myyyyyg@[38;2;165;208;136m@[38;2;34;38;52m:::::[38;2;105;131;96my[38;2;165;208;136myyyyyg[38;2;152;202;176m@[38;2;132;192;219m@@@@@@@@@@@@@@[38;2;201;157;229m@@@@[39m
[38;2;238;158;117m$@@@@@@@@@@[38;2;73;57;64m~[38;2;34;38;52m:::::[38;2;228;199;143my$@@@@@@@[38;2;165;208;136m@@@[38;2;34;38;52m:::::[38;2;98;122;92m$[38;2;165;208;136m@@@@@[38;2;132;192;219m@@@@@@@@@@@@@@[38;2;201;157;229m@@@@@$[39m
[38;2;125;85;64m4[38;2;238;158;117m@@@@@@@@[38;2;237;164;121m@[38;2;107;95;83mP[38;2;34;38;52m:::::[38;2;228;199;143m$@@@@@@@[38;2;165;208;136m@@@@@[38;2;34;38;52m:::::[38;2;72;88;78m$[38;2;165;208;136m@@@[38;2;132;192;219m@@@@@@@@@@@@@@[38;2;201;157;229m@@@@@@@[38;2;160;124;182mF[39m
 [38;2;238;158;117m9@@@@@[38;2;235;174;128m@[38;2;228;199;143m@@[38;2;34;38;52m:::::[38;2;128;113;92m4[38;2;228;199;143m@@@@@[38;2;223;200;143m@[38;2;165;208;136m@@@@@@@[38;2;34;38;52m:::::[38;2;106;133;97m$[38;2;165;208;136m@[38;2;132;192;219m@@@@@@@@@@@@@@[38;2;201;157;229m@@@@@@@@@ [39m
 [38;2;221;147;109m"[38;2;238;158;117m@@@[38;2;232;185;134m@[38;2;228;199;143m@@@@[38;2;35;38;55m;[38;2;34;38;52m::::[38;2;113;101;86m"[38;2;228;199;143m@@@[38;2;209;202;141m@[38;2;165;208;136m@@@@@@@@[38;2;163;205;135m$[38;2;34;38;52m:::::[38;2;132;192;219m$@@@@@@@@@@@@@[38;2;201;157;229m@@@@@@@@@@[38;2;120;94;138m^ [39m
 [38;2;0;0;0m [38;2;163;111;82m~[38;2;230;194;140m@[38;2;228;199;143m@@@@@@@[38;2;34;38;52m:::::[38;2;71;66;68m~[38;2;165;208;136m@@@@@@@@@@F[38;2;34;38;52m:::::[38;2;68;95;114mg[38;2;132;192;219m@@@@@@@@@@@[38;2;140;190;220m@[38;2;201;157;229m@@@@@@@@@@@~  [39m
 [38;2;0;0;0m  [38;2;189;166;120m~[38;2;228;199;143m@@@@@@@$[38;2;102;91;80m_[38;2;34;38;52m:::::[38;2;109;137;98m"[38;2;165;208;136m7M###M[38;2;138;173;117mT[38;2;36;39;57m`[38;2;34;38;52m:::::[38;2;132;192;219mg@@@@@@@@@@[38;2;158;182;223m@[38;2;201;157;229m@@@@@@@@@@@@~   [39m
 [38;2;0;0;0m   [38;2;228;199;143m`@@@@@@@@[38;2;165;208;136mg[38;2;136;171;116m_[38;2;34;38;52m:::::::::::::::[38;2;115;166;191mg[38;2;132;192;219m$@@@@@@@@@[38;2;177;172;225m@[38;2;201;157;229m@@@@@@@@@@@@@[38;2;198;155;226m`    [39m
 [38;2;0;0;0m     [38;2;228;199;143m~@@@@[38;2;165;208;136m@@@@@g[38;2;143;180;121my[38;2;142;179;120m_[38;2;34;38;52m::::::[38;2;77;110;129m_[38;2;81;115;135my[38;2;132;192;219mgg@@@@@@@@@@[38;2;193;163;228m@[38;2;201;157;229m@@@@@@@@@@@@@F      [39m
 [38;2;0;0;0m      [38;2;201;177;128m`[38;2;228;199;143m5[38;2;165;208;136m@@@@@@@@@@@@@@[38;2;132;192;219m@@@@@@@@@@@@@@[38;2;200;158;229m@[38;2;201;157;229m@@@@@@@@@@@@@F[38;2;160;125;183m`       [39m
 [38;2;0;0;0m        [38;2;136;172;116m`[38;2;165;208;136m~@@@@@@@@@@[38;2;132;192;219m@@@@@@@@@@@@@@[38;2;201;157;229m@@@@@@@@@@@@@@F[38;2;146;114;167m`         [39m
 [38;2;0;0;0m           [38;2;165;208;136m~5@@@@@[38;2;132;192;219m@@@@@@@@@@@@@@[38;2;201;157;229m@@@@@@@@@@@@@F~            [39m
 [38;2;0;0;0m              [38;2;131;166;112m~[38;2;165;208;136m~[38;2;133;193;218m4[38;2;132;192;219m@@@@@@@@@@@@@[38;2;201;157;229m@@@@@@@@@@@PF[38;2;146;114;167m~               [39m
 [38;2;0;0;0m                  [38;2;92;134;152m`[38;2;132;192;219m~~FPR@@@@[38;2;201;157;229m@@@@@@RPF~~[38;2;135;105;154m`                   [39m
[?25h