[?25l[39m [38;2;0;0;0m                                   [38;2;225;126;128m_[38;2;230;129;131m_yyagg$@@@@@@@@[38;2;238;158;117m@@@@$gggyy_[38;2;227;152;113m_                                    [39m
 [38;2;0;0;0m                             [38;2;224;125;127m_[38;2;230;129;131m_yg$@@@@@@@@@@@@@@@[38;2;238;158;117m@@@@@@@@@@@@@@@@gy_[38;2;221;148;110m_                              [39m
 [38;2;0;0;0m                         [38;2;230;129;131m_yg@@@@@@@@@@@@@@@@@@[38;2;230;130;131m@[38;2;238;158;117m@@@@@@@@@@@@@@@@@@@@@@@[38;2;228;199;143mgy_                          [39m
 [38;2;0;0;0m                      [38;2;230;129;131mya@@@@@@@@@@@@@@@@@@@@[38;2;233;138;128m@[38;2;238;158;117m@@@@@@@@@@@@@@@@@@@@@@@[38;2;228;199;143m@@@@@@gy                       [39m
 [38;2;0;0;0m                   [38;2;230;129;131myg@@@@@@@@@@@@@@@@@@@@@[38;2;235;147;124m@[38;2;238;158;117m@@@@@@@@@@@@@@@@@@@@@@@[38;2;228;199;143m@@@@@@@@@@@gy                    [39m
 [38;2;0;0;0m                [38;2;230;129;131m_a@@@@@@@@@@@@@@@@@@@@@@[38;2;238;156;119m@[38;2;238;158;117m@@@@@@@@@@@@@@@@@@@@@@@[38;2;228;199;143m@@@@@@@@@@@@@@@@g_                 [39m
 [38;2;0;0;0m              [38;2;230;129;131my$@@@@@@@@@@@@@@@@@@@@@@[38;2;238;158;117m@@@@@@@@@@@@@@@@@@@@@@@@[38;2;228;199;143m@@@@@@@@@@@@@@@@@@@@$y               [39m
 [38;2;0;0;0m            [38;2;230;129;131my@@@@@@@@@@@@@@@@@@@@@@@[38;2;238;158;117m@@@@@@@@@@@@@@@@@@@@@@@@[38;2;228;199;143m@@@@@@@@@@@@@@@@@@@@@@@[38;2;165;208;136m@@y             [39m
 [38;2;0;0;0m          [38;2;230;129;131my$@@@@@@@@@@@@@@@@@@@@@@[38;2;238;158;117m@@@@@@@@@@@@@@@@@@@@@@@[38;2;236;162;120mA[38;2;228;199;143mF[38;2;227;198;143mT[38;2;188;164;123m~[38;2;163;143;109m"[38;2;74;69;71m`[38;2;36;39;58m```[38;2;93;84;77m"[38;2;184;161;120m"[38;2;122;108;88mT[38;2;228;199;143mTFA@@@@@@@@@[38;2;165;208;136m@@@@@@_           [39m
 [38;2;0;0;0m        [38;2;211;122;120m_[38;2;230;129;131ma@@@@@@@@@@@@@@@@@@@@@@[38;2;238;158;117m@@@@@@@@@@@@@@@@@@@@@R[38;2;231;154;115mF[38;2;36;39;56m~[38;2;34;38;52m:::::::::::::::::[38;2;161;141;107m`[38;2;204;179;131mT[38;2;228;199;143mR@@@[38;2;165;208;136m@@@@@@@@@g[38;2;115;144;100m_         [39m
 [38;2;0;0;0m       [38;2;230;129;131my@@@@@@@@@@@@@@@@@@@@@@[38;2;238;158;117m@@@@@@@@@@@@@@@@@@@@@F[38;2;36;39;58m~[38;2;34;38;52m:::::::::::::::::::::::[38;2;40;42;59m`[38;2;165;208;136mT@@@@@@@@@@@@y        [39m
 [38;2;0;0;0m      [38;2;230;129;131ma@@@@@@@@@@@@@@@@@@@@@[38;2;238;158;117m@@@@@@@@@@@@@@@@@@@@@@[38;2;36;39;57m~[38;2;34;38;52m:::::::::::::::::::::::::::[38;2;36;39;58m`[38;2;153;192;128m3[38;2;165;208;136m@@@@@@@@@@@g       [39m
 [38;2;0;0;0m     [38;2;230;129;131mg@@@@@@@@@@@@@@@@@@@@[38;2;238;158;117m@@@@@@@@@@@@@@@@@@@@@@E[38;2;34;38;52m::::::::::[38;2;172;151;113m_[38;2;228;199;143myg$@@@$gg[38;2;172;151;113my[38;2;34;38;53m:[38;2;34;38;52m:::::::::[38;2;85;105;83m~[38;2;165;208;136m@@@@@@@@@@@$      [39m
 [38;2;0;0;0m    [38;2;230;129;131mg@@@@@@@@@@@@@@@@@@@[38;2;238;158;117m@@@@@@@@@@@@@@@@@@@@@@@[38;2;228;199;143m@[38;2;34;38;52m:::::::::[38;2;221;193;140m_[38;2;228;199;143mg@@@@@@@@@@@[38;2;227;199;143m@[38;2;165;208;136mg[38;2;34;38;52m:::::::::[38;2;154;194;129m^[38;2;165;208;136m@@@@@@@@@@@$[38;2;120;172;198m,    [39m
 [38;2;0;0;0m   [38;2;230;129;131mg@@@@@@@@@@@@@@@@@[38;2;230;130;131m@[38;2;238;158;117m@@@@@@@@@@@@@@@@@@@@@@@[38;2;228;199;143m@@[38;2;36;39;56m~[38;2;34;38;52m::::::::[38;2;143;127;102m_[38;2;228;199;143m@@@@@@@@@@@[38;2;213;202;142m@[38;2;165;208;136m@@@@[38;2;34;38;52m:::::::::[38;2;165;208;136m$@@@@@@@@@[38;2;132;192;219m@@$    [39m
 [38;2;0;0;0m  [38;2;230;129;131ma@@@@@@@@@@@@@@@@[38;2;233;138;128m@[38;2;238;158;117m@@@@@@@@@@@@@@@@@@@@@@@[38;2;228;199;143m@@@@[38;2;34;38;52m:::::::::[38;2;228;199;143ma@@@@@@@@@[38;2;195;204;140m@[38;2;165;208;136m@@@@@@[38;2;34;38;52m:::::::::[38;2;165;208;136m9@@@@@@@[38;2;132;192;219m@@@@@$   [39m
 [38;2;0;0;0m [38;2;230;129;131my@@@@@@@@@@@@@@@[38;2;235;147;124m@[38;2;238;158;117m@@@@@@@@@@@@@@@@@@@@@@@[38;2;228;199;143m@@@@@@[38;2;34;38;52m:::::::::[38;2;118;107;93m$[38;2;228;199;143m@@@@@@@[38;2;173;207;137m@[38;2;165;208;136m@@@@@@@@[38;2;34;38;52m:::::::::[38;2;165;208;136m@@@@@@[38;2;132;192;219m@@@@@@@@L  [39m
 [38;2;0;0;0m [38;2;230;129;131m@@@@@@@@@@@@@@[38;2;238;156;119m@[38;2;238;158;117m@@@@@@@@@@@@@@@@@@@@@@@[38;2;228;199;143m@@@@@@@@[38;2;34;38;52m:::::::::[38;2;98;90;84m$[38;2;228;199;143m@@@@@[38;2;165;208;136m@@@@@@@@@@@y[38;2;34;38;52m:::::::[38;2;143;180;122mg[38;2;165;208;136m@@@@[38;2;132;192;219m@@@@@@@@@@@  [39m
 [38;2;230;129;131ma@@@@@@@@@@@@[38;2;238;158;117m@@@@@@@@@@@@@@@@@@@@@@@@[38;2;228;199;143m@@@@@@@@@@[38;2;34;38;52m:::::::::[38;2;104;95;86m$[38;2;228;199;143m@@@[38;2;165;208;136m@@@@@@@@@@@@@@@gyyyg$@@@[38;2;132;192;219m@@@@@@@@@@@@@$ [39m
 [38;2;230;129;131m@@@@@@@@@@@[38;2;238;158;117m@@@@@@@@@@@@@@@@@@@@@@@@[38;2;228;199;143m@@@@@@@@@@@@[38;2;34;38;52m:::::::::[38;2;132;118;99m$[38;2;228;199;143m@[38;2;165;208;136m@@@@@@@@@@@@@@@@@@@@@@@[38;2;163;207;143m@[38;2;132;192;219m@@@@@@@@@@@@@@@@ [39m
[38;2;230;129;131mj@@@@@@@@@[38;2;238;158;117m@@@@@@@@@@@@@@@@@@@@@@@[38;2;237;163;120m@[38;2;228;199;143m@@@@@@@@@@@@@@[38;2;34;38;52m:::::::::[38;2;117;146;106m$[38;2;165;208;136m@@@@@@@@@@@@@@@@@@@@@@[38;2;153;202;173m@[38;2;132;192;219m@@@@@@@@@@@@@@@@@@L[39m
[38;2;230;129;131m$@@@@@@@[38;2;238;158;117m@@@@@@@@@@@@@@@@@@@@@@@[38;2;234;177;129m@[38;2;228;199;143m@@@@RRRRRRRR@@@@[38;2;34;38;52m:::::::::[38;2;165;208;136m4RRRRRRRR@@@@@@@@@@@@[38;2;144;198;195m@[38;2;132;192;219m@@@@@@@@@@@@@@@@@@@@$[39m
[38;2;230;129;131m$@@@@@[38;2;238;158;117m@@@@@@@@@@@@@@@@@@@@@@AF[38;2;228;199;143m~[38;2;139;123;99m~[38;2;36;39;58m`[38;2;35;38;55m`[38;2;34;38;52m::::::::::[38;2;228;199;143m$@@@[38;2;34;38;52m:::::::::::::::::::[38;2;35;38;56m`[38;2;149;187;125m~[38;2;165;208;136m@@@@@@@[38;2;134;193;217m@[38;2;132;192;219m@@@@@@@@@@@@@@@@@@@@@@@[39m
[38;2;230;129;131m@@@@[38;2;238;158;117m@@@@@@@@@@@@@@@@@@@@@[38;2;170;115;92mM[38;2;97;70;70m~[38;2;35;38;54m`[38;2;34;38;52m::::::::::::::::[38;2;228;199;143m$@@@[38;2;34;38;52m:::::::::::::::::::::[38;2;36;39;58m`[38;2;165;208;136m@@@@[38;2;132;192;219m@@@@@@@@@@@@@@@@@@@@@@@@[38;2;201;157;229m@@[39m
[38;2;230;129;131m@@[38;2;238;158;117m@@@@@@@@@@@@@@@@@@@@[38;2;235;157;117mR[38;2;95;70;70m~[38;2;34;38;52m::::::::::::::::::::[38;2;228;199;143m$@@@[38;2;34;38;52m:::::::::::::::::::::[38;2;121;152;106mg[38;2;165;208;136m@@[38;2;132;192;219m@@@@@@@@@@@@@@@@@@@@@@@[38;2;133;192;219m@[38;2;201;157;229m@@@@[39m
[38;2;238;158;117m$@@@@@@@@@@@@@@@@@@@R[38;2;118;83;76m"[38;2;34;38;52m::::::::::::::[38;2;35;38;55m:[38;2;169;148;111m___[38;2;170;148;111m_[38;2;170;149;111m_[38;2;170;149;112m__[38;2;228;199;143m$@[38;2;227;199;143m@[38;2;165;208;136m@[38;2;34;38;52m:::::::::[38;2;123;155;107m__[38;2;124;155;107m_[38;2;124;156;107m__[38;2;125;157;108m_[38;2;128;160;111m_[38;2;130;163;113m_[38;2;137;171;118m_[38;2;165;208;136m_yg@[38;2;132;192;219m@@@@@@@@@@@@@@@@@@@@@@@[38;2;151;184;222m@[38;2;201;157;229m@@@@@@[39m
[38;2;238;158;117m$@@@@@@@@@@@@@@@@@@[38;2;199;134;104mF[38;2;34;38;52m::::::::::[38;2;75;70;71m_[38;2;228;199;143myg$@@@@@@@@@@[38;2;213;202;142m@[38;2;165;208;136m@@@[38;2;34;38;52m:::::::::[38;2;133;167;115m$[38;2;165;208;136m@@@@@@@@@@[38;2;132;192;219m@@@@@@@@@@@@@@@@@@@@@@@[38;2;173;174;224m@[38;2;201;157;229m@@@@@@@$[39m
[38;2;238;158;117m4@@@@@@@@@@@@@@@@@[38;2;220;147;111m~[38;2;34;38;52m:::::::::[38;2;161;142;109my[38;2;228;199;143mg@@@@@@@@@@@@[38;2;195;204;140m@[38;2;165;208;136m@@@@@[38;2;34;38;52m:::::::::[38;2;113;140;103m$[38;2;165;208;136m@@@@@@@@[38;2;132;192;219m@@@@@@@@@@@@@@@@@@@@@@@[38;2;194;162;228m@[38;2;201;157;229m@@@@@@@@@F[39m
 [38;2;238;158;117m@@@@@@@@@@@@@@@@[38;2;226;178;131mP[38;2;34;38;52m:::::::::[38;2;228;199;143mg@@@@@@@@@@@@[38;2;173;207;137m@[38;2;165;208;136m@@@@@@@[38;2;34;38;52m:::::::::[38;2;95;117;93m$[38;2;165;208;136m@@@@@@[38;2;132;192;219m@@@@@@@@@@@@@@@@@@@@@@@[38;2;201;157;229m@@@@@@@@@@@@ [39m
 [38;2;238;158;117m4@@@@@@@@@@@@@[38;2;228;199;143m@@[38;2;36;39;55m`[38;2;34;38;52m::::::::[38;2;228;199;143mg@@@@@@@@@@@[38;2;165;208;136m@@@@@@@@@@[38;2;34;38;52m:::::::::[38;2;84;103;86m$[38;2;165;208;136m@@@@[38;2;132;192;219m@@@@@@@@@@@@@@@@@@@@@@@[38;2;201;157;229m@@@@@@@@@@@@@F [39m
 [38;2;0;0;0m [38;2;238;158;117m@@@@@@@@@@@[38;2;228;199;143m@@@@[38;2;34;38;52m:::::::::[38;2;228;199;143m@@@@@@@@@@[38;2;165;208;136m@@@@@@@@@@@@[38;2;34;38;52m:::::::::[38;2;120;150;108m$[38;2;165;208;136m@@[38;2;132;192;219m@@@@@@@@@@@@@@@@@@@@@@@[38;2;201;157;229m@@@@@@@@@@@@@@@  [39m
 [38;2;0;0;0m [38;2;238;158;117m4@@@@@@@@[38;2;228;199;143m@@@@@@[38;2;34;38;52m:::::::::[38;2;228;199;143m@@@@@@@@[38;2;165;208;136m@@@@@@@@@@@@@@[38;2;34;38;52m:::::::::[38;2;132;192;219m$@@@@@@@@@@@@@@@@@@@@@@@[38;2;201;158;229m@[38;2;201;157;229m@@@@@@@@@@@@@@@F  [39m
 [38;2;0;0;0m  [38;2;238;158;117m4@@@@[38;2;237;163;120m@[38;2;228;199;143m@@@@@@@@[38;2;34;38;53m:[38;2;34;38;52m::::::::[38;2;161;141;109m4[38;2;228;199;143m@@@@@[38;2;165;208;136m@@@@@@@@@@@@@@@[38;2;165;207;136mP[38;2;34;38;52m:::::::::[38;2;132;192;219m@@@@@@@@@@@@@@@@@@@@@@[38;2;201;157;229m@@@@@@@@@@@@@@@@@F   [39m
 [38;2;0;0;0m   [38;2;238;158;117m@@[38;2;234;177;129m@[38;2;228;199;143m@@@@@@@@@@[38;2;226;197;142mg[38;2;34;38;52m:::::::::[38;2;204;179;131m?[38;2;228;199;143m@@[38;2;165;208;136m@@@@@@@@@@@@@@@@[38;2;165;207;136mM[38;2;34;38;52m:::::::::[38;2;130;188;215mg[38;2;132;192;219m@@@@@@@@@@@@@@@@@@@@[38;2;201;157;229m@@@@@@@@@@@@@@@@@@@    [39m
 [38;2;0;0;0m    [38;2;228;199;143m@@@@@@@@@@@@@[38;2;195;171;127my[38;2;34;38;52m:::::::::[38;2;88;81;77m`[38;2;165;208;136mT@@@@@@@@@@@@@@R[38;2;123;155;107m"[38;2;34;38;52m:::::::::[38;2;101;145;168mg[38;2;132;192;219m@@@@@@@@@@@@@@@@@@@[38;2;201;157;229m@@@@@@@@@@@@@@@@@@@@     [39m
 [38;2;0;0;0m     [38;2;228;199;143m@@@@@@@@@@@@@y[38;2;34;38;52m::::::::::[38;2;35;38;54m`[38;2;97;121;91m~[38;2;165;208;136m7FRR@@RR#F[38;2;149;187;126m~[38;2;36;39;57m`[38;2;34;38;52m::::::::::[38;2;132;192;219mg@@@@@@@@@@@@@@@@@@[38;2;201;157;229m@@@@@@@@@@@@@@@@@@@@@      [39m
 [38;2;0;0;0m      [38;2;228;199;143m4@@@@@@@@@@@@@[38;2;116;103;88my[38;2;34;38;52m::::::::::::::::::::::::::::::[38;2;114;165;189my[38;2;132;192;219mg@@@@@@@@@@@@@@@@[38;2;135;191;220m@[38;2;201;157;229m@@@@@@@@@@@@@@@@@@@@@F       [39m
 [38;2;0;0;0m       [38;2;228;199;143m~@@@@@@@@@@@@[38;2;227;199;143m@[38;2;165;208;136m$y[38;2;34;38;52m::::::::::::::::::::::::::[38;2;108;155;179mg[38;2;132;192;219mg@@@@@@@@@@@@@@@@[38;2;158;182;222m@[38;2;201;157;229m@@@@@@@@@@@@@@@@@@@@@@~        [39m
 [38;2;0;0;0m        [38;2;170;152;115m`[38;2;228;199;143mR@@@@@@@@[38;2;213;202;142m@[38;2;165;208;136m@@@@@g[38;2;164;206;135my[38;2;116;145;102m_[38;2;34;38;52m::::::::::::::::::[38;2;91;131;152m_[38;2;132;192;219myg@@@@@@@@@@@@@@@@@[38;2;177;172;225m@[38;2;201;157;229m@@@@@@@@@@@@@@@@@@@@@@P [38;2;0;0;0m         [39m
 [38;2;0;0;0m          [38;2;228;199;143m~@@@@@[38;2;195;204;140m@[38;2;165;208;136m@@@@@@@@@@@g[38;2;158;199;132ma[38;2;165;208;136my[38;2;123;155;107my[38;2;163;205;135m_[38;2;112;140;100m_[38;2;35;38;54m;[38;2;35;38;53m::[38;2;35;38;54m:[38;2;109;136;98m_[38;2;129;186;213m_[38;2;103;148;171my[38;2;132;192;219mygg@@@@@@@@@@@@@@@@@@@[38;2;197;160;228m@[38;2;201;157;229m@@@@@@@@@@@@@@@@@@@@@@@~           [39m
 [38;2;0;0;0m            [38;2;228;199;143m~@[38;2;173;207;137m@[38;2;165;208;136m@@@@@@@@@@@@@@@@@@@@@@@[38;2;132;192;219m@@@@@@@@@@@@@@@@@@@@@@@[38;2;201;157;229m@@@@@@@@@@@@@@@@@@@@@@@@~             [39m
 [38;2;0;0;0m              [38;2;165;208;136m~@@@@@@@@@@@@@@@@@@@@@[38;2;132;192;219m@@@@@@@@@@@@@@@@@@@@@@@[38;2;201;157;229m@@@@@@@@@@@@@@@@@@@@@@@@~               [39m
 [38;2;0;0;0m                [38;2;165;208;136m~4@@@@@@@@@@@@@@@@[38;2;132;192;219m@@@@@@@@@@@@@@@@@@@@@@@[38;2;201;157;229m@@@@@@@@@@@@@@@@@@@@@@@F[38;2;174;136;199m~                 [39m
 [38;2;0;0;0m                   [38;2;165;208;136m~R@@@@@@@@@@[38;2;163;207;143m@[38;2;132;192;219m@@@@@@@@@@@@@@@@@@@@@@@[38;2;201;157;229m@@@@@@@@@@@@@@@@@@@@@@P~                    [39m
 [38;2;0;0;0m                      [38;2;165;208;136m~4@@@@@[38;2;153;202;173m@[38;2;132;192;219m@@@@@@@@@@@@@@@@@@@@@@@[38;2;201;157;229m@@@@@@@@@@@@@@@@@@@@@P~                       [39m
 [38;2;0;0;0m                         [38;2;165;208;136m`~4[38;2;132;192;219m@@@@@@@@@@@@@@@@@@@@@@@[38;2;201;157;229m@@@@@@@@@@@@@@@@@@@P~[38;2;117;92;134m~                          [39m
 [38;2;0;0;0m                             [38;2;105;152;174m`[38;2;132;192;219m~~P@@@@@@@@@@@@@@@@[38;2;201;157;229m@@@@@@@@@@@@@@@@PF~[38;2;146;114;167m`                              [39m
 [38;2;0;0;0m                                   [38;2;109;158;181m`[38;2;130;190;217m~[38;2;132;192;219m~~FPR@@@@@[38;2;201;157;229m@@@@@@@@@RPF~~~[38;2;156;121;177m`                                    [39m
[?25h