[?25l[39m [38;2;0;0;0m                           [38;2;230;129;131m_yyagg$@@@@@@[38;2;238;158;117m@@@@@ggyyy_                            [39m
 [38;2;0;0;0m                      [38;2;230;129;131m_yg@@@@@@@@@@@@@[38;2;238;158;117m@@@@@@@@@@@@@@@gy_                       [39m
 [38;2;0;0;0m                  [38;2;230;129;131m_y$@@@@@@@@@@@@@@@[38;2;238;158;117m@@@@@@@@@@@@@@@@@@@[38;2;228;199;143m@@$y_                   [39m
 [38;2;0;0;0m               [38;2;230;129;131m_a@@@@@@@@@@@@@@@@@[38;2;238;158;117m@@@@@@@@@@@@@@@@@@@[38;2;228;199;143m@@@@@@@@g_                [39m
 [38;2;0;0;0m            [38;2;220;124;125m_[38;2;230;129;131my@@@@@@@@@@@@@@@@@@[38;2;238;158;118m@[38;2;238;158;117m@@@@@@@@@@@@@@@@@@[38;2;228;199;143m@@@@@@@@@@@@@y[38;2;209;184;133m_             [39m
 [38;2;0;0;0m          [38;2;230;129;131m_a@@@@@@@@@@@@@@@@@@[38;2;238;158;117m@@@@@@@@@@@@@@@@@@@[38;2;228;199;143m@@@@@@@@@@@@@@@@@g[38;2;165;208;136m_           [39m
 [38;2;0;0;0m        [38;2;228;128;129m_[38;2;230;129;131ma@@@@@@@@@@@@@@@@@@[38;2;238;158;117m@@@@@@@@@@@@@@@@@@@[38;2;228;199;143mRPPFF[38;2;227;199;143m5[38;2;228;199;143m#R@@@@@@@@@@[38;2;200;204;140m@[38;2;165;208;136m@@g[38;2;159;201;133m_         [39m
 [38;2;0;0;0m       [38;2;230;129;131my@@@@@@@@@@@@@@@@@@[38;2;238;158;117m@@@@@@@@@@@@@@@@@[38;2;225;150;113mR[38;2;220;147;111mT[38;2;77;68;69m"[38;2;34;38;52m::::::::::[38;2;35;38;55m`[38;2;82;75;72m~[38;2;222;194;140mT[38;2;228;199;143mA@@@[38;2;187;205;139m@[38;2;165;208;136m@@@@@@y        [39m
 [38;2;0;0;0m     [38;2;230;129;131m_g@@@@@@@@@@@@@@@@@[38;2;238;158;117m@@@@@@@@@@@@@@@@@[38;2;195;131;102mT[38;2;35;38;56m`[38;2;34;38;52m:::::::::::::::::[38;2;36;39;57m`[38;2;178;207;138m7[38;2;165;208;136m@@@@@@@@@$_      [39m
 [38;2;0;0;0m    [38;2;230;129;131my@@@@@@@@@@@@@@@@@[38;2;238;158;117m@@@@@@@@@@@@@@@@@[38;2;236;157;117mF[38;2;34;38;53m`[38;2;34;38;52m:::::::::[38;2;166;145;110m_[38;2;185;162;121m_[38;2;152;133;103m_[38;2;34;38;52m:::::::::[38;2;35;38;53m`[38;2;156;196;130m7[38;2;165;208;136m@@@@@@@@@y     [39m
 [38;2;0;0;0m   [38;2;230;129;131my@@@@@@@@@@@@@@@@[38;2;238;158;117m@@@@@@@@@@@@@@@@@@[38;2;234;156;116m~[38;2;34;38;52m:::::::[38;2;223;195;141m_[38;2;228;199;143mg@@@@@@@g[38;2;165;208;136my[38;2;34;38;52m:::::::[38;2;60;73;69m~[38;2;165;208;136m@@@@@@@@@y    [39m
 [38;2;0;0;0m  [38;2;230;129;131my@@@@@@@@@@@@@@@[38;2;238;158;117m@@@@@@@@@@@@@@@@@@[38;2;232;184;134m@[38;2;228;199;143m$[38;2;34;38;52m:::::::[38;2;228;199;143mg@@@@@@@@@[38;2;165;208;136m@@$[38;2;34;38;52m:::::::[38;2;165;208;136m9@@@@@@@@[38;2;132;192;219m@y   [39m
 [38;2;0;0;0m [38;2;228;127;129my[38;2;230;129;131m@@@@@@@@@@@@@[38;2;231;130;131m@[38;2;238;158;117m@@@@@@@@@@@@@@@@@@[38;2;230;192;138m@[38;2;228;199;143m@@[38;2;74;69;72m$[38;2;34;38;52m:::::::[38;2;228;199;143m@@@@@@@@[38;2;165;208;136m@@@@@[38;2;36;39;58mr[38;2;34;38;52m::::::[38;2;105;130;96m4[38;2;165;208;136m@@@@@@[38;2;132;192;219m@@@@[38;2;120;173;198my  [39m
 [38;2;0;0;0m [38;2;230;129;131m@@@@@@@@@@@@[38;2;231;134;130m@[38;2;238;158;117m@@@@@@@@@@@@@@@@@@[38;2;229;196;142m@[38;2;228;199;143m@@@@[38;2;72;68;72m$[38;2;34;38;52m:::::::[38;2;228;199;143m@@@@@@[38;2;165;208;136m@@@@@@@[38;2;35;38;53m:[38;2;34;38;52m::::::[38;2;143;180;122my[38;2;165;208;136m@@@@[38;2;132;192;219m@@@@@@@  [39m
 [38;2;230;129;131ma@@@@@@@@@@[38;2;233;139;128m@[38;2;238;158;117m@@@@@@@@@@@@@@@@@@[38;2;228;199;143m@@@@@@@[38;2;74;69;72m$[38;2;34;38;52m:::::::[38;2;228;199;143m@@@@[38;2;165;208;136m@@@@@@@@@@[38;2;65;79;71my[38;2;34;38;52m::::[38;2;165;208;136my@@@[38;2;132;192;219m@@@@@@@@@@ [39m
 [38;2;230;129;131m@@@@@@@@@[38;2;234;144;125m@[38;2;238;158;117m@@@@@@@@@@@@@@@@@@[38;2;228;199;143m@@@@@@@@@[38;2;75;70;73m$[38;2;34;38;52m:::::::[38;2;228;199;143m@@[38;2;165;208;136m@@@@@@@@@@@@@@@@@@@[38;2;132;192;219m@@@@@@@@@@@@ [39m
[38;2;230;129;131mj@@@@@@@[38;2;236;150;122m@[38;2;238;158;117m@@@@@@@@@@@@@@@@@@[38;2;228;199;143m@@@@@@@@@@@[38;2;77;72;73m$[38;2;34;38;52m:::::::[38;2;165;208;136m@@@@@@@@@@@@@@@@@@@[38;2;132;192;219m@@@@@@@@@@@@@@L[39m
[38;2;230;129;131m$@@@@@[38;2;237;155;120m@[38;2;238;158;117m@@@@@@@@@@@@@@@@@@[38;2;228;199;143m@@RRRRRRA#@@@[38;2;78;73;74m$[38;2;34;38;52m:::::::[38;2;165;208;136m#######R@@@@@@@@[38;2;165;208;137m@[38;2;132;192;219m@@@@@@@@@@@@@@@@$[39m
[38;2;230;129;131m$@@@[38;2;238;158;117m@@@@@@@@@@@@@@@@@@F~[38;2;79;72;71m~[38;2;35;38;55m`[38;2;34;38;52m:::::::::[38;2;102;92;83m$[38;2;228;199;143m@@[38;2;80;74;75m$[38;2;34;38;52m:::::::::::::::[38;2;36;39;57m`[38;2;117;147;104mM[38;2;165;208;136m@@@@[38;2;165;208;139m@[38;2;132;192;219m@@@@@@@@@@@@@@@@@@[38;2;188;165;227m@[39m
[38;2;230;129;131m@@[38;2;238;158;117m@@@@@@@@@@@@@@@@@[38;2;199;134;103mF[38;2;72;56;64m`[38;2;34;38;52m::::::::::::::[38;2;102;92;83m$[38;2;228;199;143m@@[38;2;81;76;75m$[38;2;34;38;52m:::::::::::::::::[38;2;165;208;136m@@[38;2;161;206;150m@[38;2;132;192;219m@@@@@@@@@@@@@@@@@@[38;2;197;160;229m@[38;2;201;157;229m@@[39m
[38;2;238;158;117m$@@@@@@@@@@@@@@@@[38;2;215;143;109m~[38;2;34;38;52m:::::::::::::::::[38;2;102;92;83m$[38;2;228;199;143m@@[38;2;66;79;74m$[38;2;34;38;52m::::::::::::::[38;2;101;127;92m_[38;2;161;202;134my[38;2;165;208;136mg[38;2;156;204;166m@[38;2;132;192;219m@@@@@@@@@@@@@@@@@@[38;2;201;157;229m@@@@@[39m
[38;2;238;158;117m$@@@@@@@@@@@@@@[38;2;236;157;117mM[38;2;35;38;53m`[38;2;34;38;52m:::::::[38;2;215;188;137m_[38;2;228;199;143mgg$@@@@@@@@[38;2;165;208;136m@@[38;2;67;81;75m$[38;2;34;38;52m:::::::[38;2;165;208;136m@@@@@@@@[38;2;150;201;183m@[38;2;132;192;219m@@@@@@@@@@@@@@@@@@[38;2;201;157;229m@@@@@@$[39m
[38;2;238;158;117m4@@@@@@@@@@@@@[38;2;207;139;106mE[38;2;34;38;52m:::::::[38;2;193;169;125my[38;2;228;199;143m$@@@@@@@@@@[38;2;165;208;136m@@@@[38;2;68;82;75m$[38;2;34;38;52m:::::::[38;2;165;208;136m@@@@@@[38;2;143;198;198m@[38;2;132;192;219m@@@@@@@@@@@@@@@@@@[38;2;201;157;229m@@@@@@@@F[39m
 [38;2;238;158;117m@@@@@@@@@@@@[38;2;228;199;143m@[38;2;34;38;52m:::::::[38;2;228;199;143mg@@@@@@@@@[38;2;224;200;143m@[38;2;165;208;136m@@@@@@[38;2;69;84;76m$[38;2;34;38;52m:::::::[38;2;165;208;136m@@@@[38;2;137;195;209m@[38;2;132;192;219m@@@@@@@@@@@@@@@@@@[38;2;201;157;229m@@@@@@@@@@ [39m
 [38;2;238;158;117m4@@@@@@@@@[38;2;228;199;143m@@[38;2;147;130;103mE[38;2;34;38;52m:::::::[38;2;228;199;143m@@@@@@@@[38;2;217;201;142m@[38;2;165;208;136m@@@@@@@@[38;2;70;85;76m$[38;2;34;38;52m:::::::[38;2;165;208;136m@@[38;2;134;193;216m@[38;2;132;192;219m@@@@@@@@@@@@@@@@@@[38;2;201;157;229m@@@@@@@@@@@F [39m
 [38;2;0;0;0m [38;2;238;158;117m@@@@@@@[38;2;228;199;143m@@@@[38;2;132;117;94mF[38;2;34;38;52m::::::[38;2;35;38;55m`[38;2;228;199;143m@@@@@@[38;2;206;203;141m@[38;2;165;208;136m@@@@@@@@@@[38;2;163;206;135mF[38;2;34;38;52m:::::::[38;2;132;192;219m@@@@@@@@@@@@@@@@@@@[38;2;201;158;229m@[38;2;201;157;229m@@@@@@@@@@@@  [39m
 [38;2;0;0;0m [38;2;238;158;117m`@@@[38;2;238;159;118m@[38;2;228;199;143m@@@@@@@[38;2;34;38;52m:::::::[38;2;227;198;143mR[38;2;228;199;143m@@@[38;2;193;205;139m@[38;2;165;208;136m@@@@@@@@@@@@[38;2;35;38;55m'[38;2;34;38;52m::::::[38;2;125;181;207my[38;2;132;192;219m@@@@@@@@@@@@@@@@@[38;2;201;157;229m@@@@@@@@@@@@@@[38;2;195;152;222m~  [39m
 [38;2;0;0;0m  [38;2;231;154;114m4[38;2;238;160;118m@[38;2;228;199;143m@@@@@@@@@[38;2;222;194;140m_[38;2;34;38;52m:::::::[38;2;111;99;84mM[38;2;180;206;138m@[38;2;165;208;136m@@@@@@@@@@@@@[38;2;36;39;57m~[38;2;34;38;52m::::::[38;2;34;38;53m:[38;2;132;192;219m@@@@@@@@@@@@@@@@[38;2;201;157;229m@@@@@@@@@@@@@@@F   [39m
 [38;2;0;0;0m   [38;2;228;199;143m7@@@@@@@@@@[38;2;123;109;90my[38;2;34;38;52m:::::::[38;2;39;43;59m`[38;2;150;188;126mT[38;2;165;208;136mA@@@@@@@@F[38;2;70;87;75m~[38;2;34;38;52m:::::::[38;2;99;142;165m_[38;2;132;192;219m$@@@@@@@@@@@@@@[38;2;201;157;229m@@@@@@@@@@@@@@@@F    [39m
 [38;2;0;0;0m    [38;2;228;199;143m~@@@@@@@@@@g[38;2;35;38;54m;[38;2;34;38;52m:::::::::[38;2;36;39;56m`[38;2;86;107;84m"[38;2;128;162;110m"[38;2;108;135;96m"[38;2;40;45;60m`[38;2;35;38;53m`[38;2;34;38;52m:::::::::[38;2;132;192;219my@@@@@@@@@@@@@@[38;2;201;157;229m@@@@@@@@@@@@@@@@@~     [39m
 [38;2;0;0;0m     [38;2;228;199;143m`@@@@@@@@@@[38;2;165;208;136m@g[38;2;154;194;129m_[38;2;34;38;52m:::::::::::::::::::[38;2;77;110;129m_[38;2;132;192;219mg@@@@@@@@@@@@@@[38;2;201;157;229m@@@@@@@@@@@@@@@@@@[38;2;200;156;228m`      [39m
 [38;2;0;0;0m       [38;2;228;199;143m~@@@@@@[38;2;165;208;136m@@@@@@g[38;2;121;152;106my[38;2;97;121;90m_[38;2;34;38;52m::::::::::::[38;2;84;120;141my[38;2;132;192;219mg$@@@@@@@@@@@@@@[38;2;201;157;229m@@@@@@@@@@@@@@@@@@F        [39m
 [38;2;0;0;0m        [38;2;220;193;139m`[38;2;228;199;143m4@@[38;2;165;208;136m@@@@@@@@@@@@$ggggg[38;2;140;196;204mg[38;2;132;192;219mg$@@@@@@@@@@@@@@@@[38;2;133;192;219m@[38;2;201;157;229m@@@@@@@@@@@@@@@@@@P[38;2;181;141;206m`         [39m
 [38;2;0;0;0m          [38;2;228;199;143m`[38;2;165;208;136m4@@@@@@@@@@@@@@@@@[38;2;132;192;219m@@@@@@@@@@@@@@@@@@[38;2;138;190;220m@[38;2;201;157;229m@@@@@@@@@@@@@@@@@@P`           [39m
 [38;2;0;0;0m            [38;2;150;188;126m`[38;2;165;208;136m~@@@@@@@@@@@@@[38;2;132;192;219m@@@@@@@@@@@@@@@@@@[38;2;150;186;221m@[38;2;201;157;229m@@@@@@@@@@@@@@@@@@F[38;2;167;131;191m`             [39m
 [38;2;0;0;0m               [38;2;165;208;136m~5@@@@@@@@[38;2;132;192;219m@@@@@@@@@@@@@@@@@@[38;2;165;179;223m@[38;2;201;157;229m@@@@@@@@@@@@@@@@@F[38;2;200;156;228m~                [39m
 [38;2;0;0;0m                  [38;2;163;205;135m~[38;2;165;208;136m~@@@[38;2;132;192;219m@@@@@@@@@@@@@@@@@@[38;2;178;172;226m@[38;2;201;157;229m@@@@@@@@@@@@@@@@F[38;2;193;150;220m~                   [39m
 [38;2;0;0;0m                      [38;2;132;192;219m~~4@@@@@@@@@@@@@@[38;2;190;165;227m@[38;2;201;157;229m@@@@@@@@@@@@@PF~                       [39m
 [38;2;0;0;0m                           [38;2;132;192;219m`~~FPR@@@@[38;2;198;160;229m@[38;2;201;157;229m@@@@@@@RPF~~[38;2;159;124;181m~                            [39m
[?25h