[?25l[39m [38;2;0;0;0m              [38;2;207;117;118m_[38;2;230;129;131m_yag$@@@@[38;2;237;154;120m@[38;2;238;158;117m@@@$ggy_[38;2;207;139;103m_               [39m
 [38;2;0;0;0m          [38;2;216;121;123m_[38;2;230;129;131myg@@@@@@@@@[38;2;238;158;117m@@@@@@@@@@@@[38;2;228;199;143m@gy[38;2;209;183;131m_           [39m
 [38;2;0;0;0m        [38;2;230;129;131myg@@@@@@@@@@[38;2;238;158;117m@@@@@@@@@@@@[38;2;228;199;143m@@@@@@$y         [39m
 [38;2;0;0;0m     [38;2;189;107;107m_[38;2;230;129;131ma@@@@@@@@@@@[38;2;238;158;117m@@@@@@@@@@@@[38;2;228;199;143m@@@@@@@@@@@[38;2;165;208;136mg[38;2;126;158;107m_      [39m
 [38;2;0;0;0m    [38;2;230;129;131my@@@@@@@@@@@[38;2;238;158;118m@[38;2;238;158;117m@@@@@@@@@@M[38;2;202;177;129mT[38;2;136;120;95m~[38;2;66;62;65m"[38;2;35;38;55m`[38;2;51;51;61m`[38;2;154;135;104m"[38;2;193;169;124m~[38;2;228;199;143m7A@@[38;2;209;202;141m@[38;2;165;208;136m@@@y     [39m
 [38;2;0;0;0m  [38;2;230;129;131m_g@@@@@@@@@@[38;2;238;158;117m@@@@@@@@@@@[38;2;126;88;78m~[38;2;34;38;52m:::::::::::[38;2;34;38;53m`[38;2;147;185;124m7[38;2;165;208;136m@@@@@$_   [39m
 [38;2;0;0;0m [38;2;225;127;128my[38;2;230;129;131m@@@@@@@@@@[38;2;238;158;117m@@@@@@@@@@@E[38;2;34;38;52m::::[38;2;184;161;120my[38;2;228;199;143mg@@@@[38;2;194;205;139mg[38;2;157;197;130m_[38;2;34;38;52m:::[38;2;36;39;56m`[38;2;165;208;136m@@@@@@[38;2;144;198;197m_  [39m
 [38;2;228;127;129m_[38;2;230;129;131m@@@@@@@@@[38;2;238;158;117m@@@@@@@@@@@[38;2;236;170;125m@[38;2;228;199;143m@[38;2;34;38;52m::::[38;2;35;38;55mu[38;2;228;199;143m@@@@@[38;2;165;208;136m@@@[38;2;34;38;52m::::[38;2;129;162;111m4[38;2;165;208;136m@@@@[38;2;132;192;219m@@[38;2;125;180;206m_ [39m
 [38;2;230;129;131m$@@@@@@@[38;2;238;158;117m@@@@@@@@@@@[38;2;232;184;134m@[38;2;228;199;143m@@@[38;2;34;38;52m::::[38;2;73;69;72m4[38;2;228;199;143m@@@[38;2;165;208;136m@@@@@[38;2;90;113;86m_[38;2;34;38;52m:::[38;2;165;208;136mg@@[38;2;132;192;219m@@@@$ [39m
[38;2;230;129;131my@@@@@[38;2;230;130;131m@[38;2;238;158;117m@@@@@@@@@@@[38;2;229;195;141m@[38;2;228;199;143m@@@@@[38;2;34;38;52m::::[38;2;78;73;74m4[38;2;228;199;143m@[38;2;165;208;136m@@@@@@@@$$@@[38;2;132;192;219m@@@@@@@L[39m
[38;2;230;129;131m$@@@[38;2;232;135;129m@[38;2;238;158;117m@@@@@@@@@@@[38;2;228;199;143m@@@@@@@@[38;2;34;38;52m::::[38;2;92;106;86m4[38;2;165;208;136m@@@@@@@@@@@[38;2;132;192;219m@@@@@@@@@$[39m
[38;2;230;129;131m@@[38;2;235;145;124m@[38;2;238;158;117m@@@@@@@@@@M[38;2;212;142;107mT[38;2;125;111;89m~[38;2;35;38;55m`[38;2;34;38;52m:::::[38;2;228;199;143m$@[38;2;34;38;52m::::::::::[38;2;161;203;134m~[38;2;165;208;136m@@@[38;2;132;192;219m@@@@@@@@@@@[38;2;190;165;227m@[39m
[38;2;237;153;121m@[38;2;238;158;117m@@@@@@@@@@[38;2;179;120;95m~[38;2;34;38;52m::::::[38;2;99;90;79m_[38;2;126;111;89m__[38;2;126;111;90m_[38;2;228;199;143m$@[38;2;34;38;52m:::::[38;2;92;116;86m_[38;2;93;116;87m_[38;2;95;119;88m_[38;2;99;124;92m_[38;2;161;202;133m_[38;2;160;206;154mg[38;2;162;207;149m@[38;2;132;192;219m@@@@@@@@@@@[38;2;201;157;229m@@@[39m
[38;2;238;158;117m$@@@@@@@@[38;2;171;115;92mM[38;2;34;38;52m::::[38;2;197;173;127my[38;2;228;199;143mg@@@@@@[38;2;165;208;136m@@[38;2;34;38;52m::::[38;2;94;116;89m4[38;2;165;208;136m@@@@[38;2;153;202;175m@[38;2;132;192;219m@@@@@@@@@@@[38;2;201;157;229m@@@@@[39m
[38;2;238;158;117m4@@@@@@@[38;2;228;199;143m$[38;2;34;38;52m::::[38;2;228;199;143mg@@@@@@[38;2;165;208;136m@@@@[38;2;34;38;52m::::[38;2;65;78;74m4[38;2;165;208;136m@@[38;2;142;197;200m@[38;2;132;192;219m@@@@@@@@@@@[38;2;201;157;229m@@@@@@F[39m
 [38;2;238;158;117m$@@@@[38;2;228;199;143m@@[38;2;180;157;117mF[38;2;34;38;52m::::[38;2;228;199;143m@@@@[38;2;224;200;143m@[38;2;165;208;136m@@@@@@[38;2;34;38;52m::::[38;2;82;101;83m4[38;2;133;193;217m@[38;2;132;192;219m@@@@@@@@@@@[38;2;201;158;229m@[38;2;201;157;229m@@@@@@@ [39m
 [38;2;232;155;115m`[38;2;238;158;117m@@[38;2;228;199;143m@@@@@[38;2;34;38;52m::::[38;2;214;187;136m4[38;2;228;199;143m@[38;2;209;202;141m@[38;2;165;208;136m@@@@@@@[38;2;164;207;136mE[38;2;34;38;52m::::[38;2;132;192;219mg@@@@@@@@@@[38;2;201;157;229m@@@@@@@@@[38;2;182;142;207m^ [39m
 [38;2;0;0;0m [38;2;234;177;129m`[38;2;228;199;143m@@@@@@g[38;2;34;38;52m::::[38;2;108;100;84m~[38;2;149;188;125m5[38;2;165;208;136m@@@@@P[38;2;131;165;112m~[38;2;34;38;52m::::[38;2;132;192;219mg@@@@@@@@@[38;2;201;157;229m@@@@@@@@@@[38;2;189;148;216m~  [39m
 [38;2;0;0;0m  [38;2;228;199;143m`@@@@@@@[38;2;142;178;120my[38;2;34;38;52m:::::::::::::[38;2;85;121;142mg[38;2;132;192;219mg@@@@@@@@[38;2;201;157;229m@@@@@@@@@@@[38;2;153;120;175m^   [39m
 [38;2;0;0;0m    [38;2;228;199;143m~@@@[38;2;165;208;136m@@@@gy[38;2;105;132;95my[38;2;139;175;118m_[38;2;69;86;72m_[38;2;34;38;52m:[38;2;67;83;71m_[38;2;111;161;185m_[38;2;95;137;159my[38;2;132;192;219mgg@@@@@@@@@[38;2;201;157;229m@@@@@@@@@@@F     [39m
 [38;2;0;0;0m     [38;2;173;153;112m`[38;2;228;199;143m?[38;2;165;208;136m@@@@@@@@@@@[38;2;132;192;219m@@@@@@@@@@@[38;2;134;192;219m@[38;2;201;157;229m@@@@@@@@@@@F [38;2;0;0;0m      [39m
 [38;2;0;0;0m        [38;2;165;208;136m~R@@@@@@[38;2;132;192;219m@@@@@@@@@@@[38;2;151;185;222m@[38;2;201;157;229m@@@@@@@@@@@~         [39m
 [38;2;0;0;0m          [38;2;146;184;123m`[38;2;165;208;136m~4@[38;2;132;192;219m@@@@@@@@@@@[38;2;175;174;225m@[38;2;201;157;229m@@@@@@@@@P~[38;2;167;131;191m`           [39m
 [38;2;0;0;0m              [38;2;108;158;180m`[38;2;132;192;219m~~PR@@@@[38;2;194;162;228m@[38;2;201;157;229m@@@@@PF~~[38;2;162;126;184m`               [39m
[?25h