[?25l[39m [38;2;0;0;0m           [38;2;230;129;131m_ygg@@@@[38;2;238;158;117m@@@@ggy_            [39m
 [38;2;0;0;0m       [38;2;230;129;131m_y$@@@@@@@[38;2;238;158;117m@@@@@@@@@[38;2;236;169;124m@[38;2;228;199;143m@$y_        [39m
 [38;2;0;0;0m     [38;2;230;129;131myg@@@@@@@@[38;2;238;158;117m@@@@@@@@@[38;2;236;169;124m@[38;2;228;199;143m@@@@@@$y      [39m
 [38;2;0;0;0m   [38;2;230;129;131my$@@@@@@@@[38;2;238;158;117m@@@@@@@@@M[38;2;228;199;143mFTT7MR@@@[38;2;165;208;136m@@_    [39m
 [38;2;0;0;0m  [38;2;230;129;131ma@@@@@@@@[38;2;238;158;117m@@@@@@@@@[38;2;150;102;85m~[38;2;34;38;52m::::::::[38;2;53;51;60m`[38;2;165;208;136mT@@@@g   [39m
 [38;2;0;0;0m [38;2;230;129;131ma@@@@@@@[38;2;238;158;117m@@@@@@@@@E[38;2;34;38;52m:::[38;2;172;150;113mg[38;2;228;199;143m$@@@[38;2;165;208;136mg[38;2;63;78;70m_[38;2;34;38;52m::[38;2;92;114;86m"[38;2;165;208;136m@@@@$  [39m
 [38;2;230;129;131ma@@@@@@[38;2;238;158;117m@@@@@@@@@[38;2;236;169;124m@[38;2;228;199;143m@[38;2;173;152;114mL[38;2;34;38;52m:::[38;2;228;199;143m@@@@[38;2;165;208;136m@@@[38;2;34;38;52m:::[38;2;165;208;136m$@@[38;2;133;193;218m@[38;2;132;192;219m@$ [39m
[38;2;227;127;129my[38;2;230;129;131m@@@@@[38;2;238;158;117m@@@@@@@@@[38;2;236;169;124m@[38;2;228;199;143m@@@[38;2;174;152;115mL[38;2;34;38;52m:::[38;2;228;199;143m@@[38;2;165;208;136m@@@@@y[38;2;136;172;115my[38;2;165;208;136mg@[38;2;133;192;218m@[38;2;132;192;219m@@@@[38;2;126;182;207mL[39m
[38;2;230;129;131m$@@@[38;2;238;158;117m@@@@@@@@@[38;2;236;169;124m@[38;2;228;199;143m@@@@@[38;2;174;153;115mL[38;2;34;38;52m:::[38;2;165;208;136m@@@@@@@@@[38;2;133;192;218m@[38;2;132;192;219m@@@@@@$[39m
[38;2;230;129;131m@@[38;2;238;158;117m@@@@@@@@@F[38;2;228;199;143m~[38;2;118;104;85m~[38;2;153;134;103m"[38;2;145;128;99m"[38;2;143;125;98m"[38;2;77;71;71m4[38;2;228;199;143m@[38;2;175;153;115mL[38;2;34;38;52m:::[38;2;101;127;92m"[38;2;96;120;89m"[38;2;92;115;86m"[38;2;95;119;88m"[38;2;143;180;121m7[38;2;165;208;136m@@[38;2;133;192;218m@[38;2;132;192;219m@@@@@@@@@[39m
[38;2;238;158;117m@@@@@@@@M[38;2;34;38;52m~:::[38;2;172;151;113m_[38;2;132;117;92my[38;2;169;148;112my[38;2;174;152;114my[38;2;182;159;118mg[38;2;228;199;143m@[38;2;128;161;111mL[38;2;34;38;52m:::[38;2;127;160;110my[38;2;131;165;112my[38;2;133;167;113my[38;2;143;180;120my[38;2;133;193;218mg@[38;2;132;192;219m@@@@@@@@@[38;2;201;157;229m@@[39m
[38;2;238;158;117m$@@@@@@[38;2;236;157;116m~[38;2;34;38;52m:::[38;2;228;199;143mg@@@@@[38;2;165;208;136m@@[38;2;128;161;111mL[38;2;34;38;52m:::[38;2;165;208;136m@@@[38;2;133;193;218m@[38;2;132;192;219m@@@@@@@@@[38;2;201;157;229m@@@$[39m
[38;2;147;99;74m4[38;2;238;158;117m@@@@[38;2;236;169;124m@[38;2;228;199;143m@[38;2;34;38;52m:::[38;2;228;199;143ma@@@@[38;2;165;208;136m@@@@[38;2;129;162;111mL[38;2;34;38;52m:::[38;2;165;208;136m@[38;2;133;192;218m@[38;2;132;192;219m@@@@@@@@@[38;2;201;157;229m@@@@@[38;2;186;145;212mF[39m
 [38;2;238;158;117m4@[38;2;236;169;124m@[38;2;228;199;143m@@@[38;2;34;38;52m:::[38;2;184;161;120mJ[38;2;228;199;143m@@[38;2;165;208;136m@@@@@@[38;2;34;38;52m::::[38;2;132;192;219m@@@@@@@@@[38;2;201;157;229m@@@@@@@ [39m
 [38;2;0;0;0m [38;2;228;199;143m@@@@@g[38;2;34;38;52m:::[38;2;166;208;136m~[38;2;165;208;136mA@@@@M[38;2;75;92;76m"[38;2;34;38;52m::[38;2;55;74;92m_[38;2;132;192;219m$@@@@@@@[38;2;201;157;229m@@@@@@@@  [39m
 [38;2;0;0;0m  [38;2;228;199;143m4@@@@[38;2;187;206;138m@[38;2;145;183;122my[38;2;34;38;52m:::::::::[38;2;86;123;144m_[38;2;132;192;219mg@@@@@@@[38;2;201;157;229m@@@@@@@@F   [39m
 [38;2;0;0;0m   [38;2;228;199;143m~@@[38;2;165;208;136m@@@@$gyy[38;2;133;193;218my[38;2;132;192;219myg$@@@@@@@[38;2;201;157;229m@@@@@@@@@~    [39m
 [38;2;0;0;0m     [38;2;165;208;136m~@@@@@@@[38;2;133;193;218m@[38;2;132;192;219m@@@@@@@@@[38;2;201;157;229m@@@@@@@@@~      [39m
 [38;2;0;0;0m       [38;2;165;208;136m`~@@[38;2;133;193;218m@[38;2;132;192;219m@@@@@@@@@[38;2;201;157;229m@@@@@@@@F[38;2;105;83;120m~        [39m
 [38;2;0;0;0m           [38;2;132;192;219m~~PR@@@@[38;2;201;157;229m@@@@RPF~            [39m
[?25h