[?25l[39m [38;2;0;0;0m       [38;2;230;129;131m_yg$@@@[38;2;238;158;117m@@@$gy[38;2;228;199;143m_        [39m
 [38;2;0;0;0m    [38;2;230;129;131myg@@@@@@[38;2;238;158;117m@@@@@@@[38;2;228;199;143m@@@g_     [39m
 [38;2;0;0;0m  [38;2;230;129;131my$@@@@@@[38;2;238;158;117m@@@@@@@[38;2;228;199;143m#FPR@@@[38;2;165;208;136m@_   [39m
 [38;2;0;0;0m [38;2;230;129;131ma@@@@@@[38;2;238;158;117m@@@@@@[38;2;229;153;114mM[38;2;34;38;52m~:[38;2;177;155;115m_[38;2;162;142;108my[38;2;228;199;143m_[38;2;34;38;52m::[38;2;191;199;137m~[38;2;165;208;136m@@@g  [39m
 [38;2;230;129;131ma@@@@@[38;2;238;158;117m@@@@@@@[38;2;161;141;108m$[38;2;34;38;52m::[38;2;228;199;143mg@@@[38;2;165;208;136m@[38;2;34;38;52m::[38;2;35;38;53m`[38;2;165;208;136m@@@[38;2;132;192;219m$ [39m
[38;2;230;129;131my@@@@[38;2;238;158;117m@@@@@@@[38;2;228;199;143m@@[38;2;97;87;78m$[38;2;34;38;52m::[38;2;228;199;143m@@[38;2;165;208;136m@@@y[38;2;90;113;84my[38;2;164;206;135mg[38;2;165;208;136m@[38;2;132;192;219m@@@L[39m
[38;2;230;129;131m$@@[38;2;238;158;117m@@@@@@@[38;2;228;199;143m@@@@[38;2;98;88;78m$[38;2;34;38;52m::[38;2;165;208;136m0@@@@@@[38;2;132;192;219m@@@@@@[39m
[38;2;230;129;131m@[38;2;238;158;117m@@@@@@[38;2;130;89;77mM[38;2;91;66;65m~[38;2;34;38;52m::::[38;2;228;199;143m$[38;2;99;88;78m$[38;2;34;38;52m:::::[38;2;130;163;111m_[38;2;165;208;136m@[38;2;132;192;219m@@@@@@@[38;2;201;157;229m@[39m
[38;2;238;158;117m$@@@@B[38;2;34;38;52m::[38;2;160;140;106mg[38;2;228;199;143mg@@@[38;2;165;208;136m@[38;2;75;93;77m$[38;2;34;38;52m::[38;2;165;208;136m$@@[38;2;132;192;219m@@@@@@@[38;2;201;157;229m@@@[39m
[38;2;238;158;117m4@@@[38;2;228;199;143m@[38;2;34;38;52m:::[38;2;228;199;143m@@@[38;2;165;208;136m@@@F[38;2;34;38;52m::[38;2;165;208;136m$[38;2;132;192;219m@@@@@@@[38;2;201;157;229m@@@@F[39m
 [38;2;238;158;117m4[38;2;228;199;143m@@@[38;2;195;171;125my[38;2;34;38;52m::[38;2;212;185;135m5[38;2;165;208;136m@@@@@[38;2;34;38;52m~:[38;2;96;138;160m_[38;2;132;192;219m@@@@@@[38;2;201;157;229m@@@@@@ [39m
 [38;2;0;0;0m [38;2;228;199;143m4@@@[38;2;165;208;136mg[38;2;125;157;108m_[38;2;34;38;52m:[38;2;52;63;62m`[38;2;105;132;94m~[38;2;96;120;88mT[38;2;60;73;66m"[38;2;34;38;52m::[38;2;132;192;219my@@@@@[38;2;201;157;229m@@@@@@F  [39m
 [38;2;0;0;0m  [38;2;228;199;143m~@[38;2;165;208;136m@@@@gg[38;2;132;192;219mgg$@@@@@[38;2;201;157;229m@@@@@@@~   [39m
 [38;2;0;0;0m    [38;2;165;208;136m~4@@@[38;2;132;192;219m@@@@@@@[38;2;201;157;229m@@@@@@P~     [39m
 [38;2;0;0;0m       [38;2;165;208;136m~[38;2;132;192;219m~P@@@@[38;2;201;157;229m@@@@PF~        [39m
[?25h