[?25l[39m [38;2;0;0;0m                      [38;2;122;69;69m_[38;2;230;129;131m_yygg$@@@@@@[38;2;238;158;117m@@@@$ggyy_                        [39m
 [38;2;0;0;0m                  [38;2;230;129;131m_yg@@@@@@@@@@@@[38;2;238;158;117m@@@@@@@@@@@@@@gy[38;2;228;199;143m_                   [39m
 [38;2;0;0;0m              [38;2;229;128;130m_[38;2;230;129;131myg@@@@@@@@@@@@@@[38;2;238;158;117m@@@@@@@@@@@@@@@@[38;2;228;199;143m@@@@gy[38;2;223;195;140m_               [39m
 [38;2;0;0;0m            [38;2;230;129;131myg@@@@@@@@@@@@@@@[38;2;238;158;117m@@@@@@@@@@@@@@@@[38;2;228;199;143m@@@@@@@@@$y             [39m
 [38;2;0;0;0m         [38;2;230;129;131m_a@@@@@@@@@@@@@@@@[38;2;238;158;117m@@@@@@@@@@@@@@@@[38;2;228;199;143m@@@@@@@@@@@@@@g_          [39m
 [38;2;0;0;0m       [38;2;224;126;127m_[38;2;230;129;131ma@@@@@@@@@@@@@@@@[38;2;238;158;117m@@@@@@@@@@@@@@@@[38;2;228;199;143m@@RRRR@@@@@@@@@@[38;2;208;202;141m@[38;2;165;208;136m@g[38;2;154;194;130m_        [39m
 [38;2;0;0;0m      [38;2;230;129;131my@@@@@@@@@@@@@@@[38;2;231;132;131m@[38;2;238;158;117m@@@@@@@@@@@@@@@[38;2;211;141;107mM[38;2;229;158;118m~[38;2;46;47;61m`[38;2;34;38;52m:::::::[38;2;35;38;53m`[38;2;109;97;83m"[38;2;179;157;117m7[38;2;226;197;142mM[38;2;228;199;143m@@@[38;2;194;204;139m@[38;2;165;208;136m@@@@@y       [39m
 [38;2;0;0;0m    [38;2;230;129;131m_g@@@@@@@@@@@@@@[38;2;232;136;129m@[38;2;238;158;117m@@@@@@@@@@@@@@[38;2;236;157;117mR[38;2;150;102;86m"[38;2;34;38;52m::::::::::::::::[38;2;170;149;113m~[38;2;164;207;136mR[38;2;165;208;136m@@@@@@@$_     [39m
 [38;2;0;0;0m   [38;2;230;129;131my@@@@@@@@@@@@@@[38;2;234;143;125m@[38;2;238;158;117m@@@@@@@@@@@@@@@[38;2;175;118;94m~[38;2;34;38;52m:::::::[38;2;228;199;143m_yyy[38;2;226;197;142my[38;2;228;199;143m_[38;2;34;38;52m:::::::[38;2;137;172;117m~[38;2;165;208;136m@@@@@@@@[38;2;159;201;132my    [39m
 [38;2;0;0;0m  [38;2;230;129;131my@@@@@@@@@@@@@[38;2;236;149;123m@[38;2;238;158;117m@@@@@@@@@@@@@@@@[38;2;158;107;89m^[38;2;34;38;52m::::::[38;2;228;199;143mg@@@@@@@@[38;2;165;208;136m$[38;2;35;38;53m;[38;2;34;38;52m:::::[38;2;158;198;131m"[38;2;165;208;136m@@@@@@@@[38;2;161;206;152my   [39m
 [38;2;0;0;0m [38;2;230;129;131my@@@@@@@@@@@@[38;2;237;155;120m@[38;2;238;158;117m@@@@@@@@@@@@@@@@[38;2;228;199;143m@@[38;2;34;38;52m::::::[38;2;228;199;143ma@@@@@@@[38;2;165;208;136m@@@@[38;2;34;38;52m::::::[38;2;165;208;136m@@@@@@[38;2;165;208;138m@[38;2;132;192;219m@@[38;2;125;181;206my  [39m
 [38;2;0;0;0m [38;2;230;129;131m@@@@@@@@@@@[38;2;238;158;117m@@@@@@@@@@@@@@@@@[38;2;228;199;143m@@@@[38;2;34;38;52m::::::[38;2;228;199;143m$@@@@@[38;2;165;208;136m@@@@@@[38;2;34;38;52m::::::[38;2;165;208;136m$@@@[38;2;162;206;149m@[38;2;132;192;219m@@@@@[38;2;125;181;206m, [39m
 [38;2;230;129;131ma@@@@@@@@@[38;2;238;158;117m@@@@@@@@@@@@@@@@@[38;2;228;199;143m@@@@@@[38;2;34;38;52m::::::[38;2;228;199;143m$@@@[38;2;165;208;136m@@@@@@@@[38;2;144;182;122my[38;2;34;38;52m::::[38;2;149;188;125mg[38;2;165;208;136m@@[38;2;156;204;166m@[38;2;132;192;219m@@@@@@@$ [39m
 [38;2;230;129;131m@@@@@@@@[38;2;238;158;117m@@@@@@@@@@@@@@@@[38;2;238;160;119m@[38;2;228;199;143m@@@@@@@@[38;2;34;38;52m::::::[38;2;228;199;143m$@[38;2;165;208;136m@@@@@@@@@@@@@@@@[38;2;149;200;186m@[38;2;132;192;219m@@@@@@@@@@[38;2;130;189;216m,[39m
[38;2;230;129;131mg@@@@@@[38;2;238;158;117m@@@@@@@@@@@@@@@@[38;2;236;166;123m@[38;2;228;199;143m@@@@@@@@@@[38;2;34;38;52m::::::[38;2;165;208;136m$@@@@@@@@@@@@@@@[38;2;141;196;202m@[38;2;132;192;219m@@@@@@@@@@@@$[39m
[38;2;230;129;131m$@@@@[38;2;238;158;118m@[38;2;238;158;117m@@@@@@@@@@@@@@@[38;2;234;177;129m@[38;2;228;199;143mAMFFFTTTT@@@[38;2;34;38;52m::::::[38;2;165;208;136m7TTTTTT[38;2;163;205;135mA[38;2;165;208;136m@@@@@@[38;2;135;193;214m@[38;2;132;192;219m@@@@@@@@@@@@@@@[39m
[38;2;230;129;131m@@@[38;2;238;158;117m@@@@@@@@@@@@@@@[38;2;150;102;85mM[38;2;159;108;88m~[38;2;35;38;54m`[38;2;34;38;52m::::::::::[38;2;228;199;143m@@@[38;2;34;38;52m::::::::::::::[38;2;130;163;112m"[38;2;165;208;136m@@@[38;2;132;192;219m@@@@@@@@@@@@@@@@@[38;2;201;157;229m@[39m
[38;2;230;129;131m@[38;2;238;158;117m@@@@@@@@@@@@@@F[38;2;96;70;70m"[38;2;34;38;52m::::::::::::::[38;2;228;199;143m@@[38;2;187;206;139m@[38;2;34;38;52m::::::::::::::[38;2;164;206;135mg[38;2;165;208;136m@[38;2;132;192;219m@@@@@@@@@@@@@@@@[38;2;133;192;219m@[38;2;201;157;229m@@@[39m
[38;2;238;158;117m$@@@@@@@@@@@@@[38;2;94;68;69m^[38;2;34;38;52m:::::::[38;2;144;127;99my[38;2;228;199;143mgggggggg@[38;2;165;208;136m@@[38;2;34;38;52m::::::[38;2;165;208;136mgg$$$$$@[38;2;132;192;219m@@@@@@@@@@@@@@@@[38;2;140;189;220m@[38;2;201;157;229m@@@@@[39m
[38;2;238;158;117m4@@@@@@@@@@@@[38;2;35;38;54m`[38;2;34;38;52m:::::[38;2;154;135;104m_[38;2;228;199;143mg@@@@@@@@@[38;2;165;208;136m@@@@[38;2;34;38;52m::::::[38;2;165;208;136m$@@@@@[38;2;132;192;219m@@@@@@@@@@@@@@@@[38;2;155;183;222m@[38;2;201;157;229m@@@@@@$[39m
[38;2;221;148;110m"[38;2;238;158;117m@@@@@@@@@@[38;2;228;199;143m@[38;2;35;38;55m~[38;2;34;38;52m:::::[38;2;45;46;61my[38;2;228;199;143m@@@@@@@@[38;2;227;199;143m@[38;2;165;208;136m@@@@@@[38;2;34;38;52m::::::[38;2;165;208;136m$@@@[38;2;132;192;219m@@@@@@@@@@@@@@@@[38;2;172;175;225m@[38;2;201;157;229m@@@@@@@@[38;2;161;126;184m"[39m
 [38;2;238;158;117m9@@@@@@@[38;2;228;199;143m@@@[38;2;34;38;52m::::::[38;2;228;199;143m$@@@@@@[38;2;220;200;143m@[38;2;165;208;136m@@@@@@@@[38;2;34;38;52m::::::[38;2;165;208;136m$@[38;2;132;192;219m@@@@@@@@@@@@@@@@[38;2;187;167;227m@[38;2;201;157;229m@@@@@@@@@@ [39m
 [38;2;0;0;0m [38;2;238;158;117m@@@@@[38;2;228;199;143m@@@@@[38;2;34;38;52m::::::[38;2;228;199;143m4@@@@[38;2;208;202;141m@[38;2;165;208;136m@@@@@@@@@[38;2;162;204;134mE[38;2;34;38;52m::::::[38;2;132;192;219m$@@@@@@@@@@@@@@@[38;2;197;160;229m@[38;2;201;157;229m@@@@@@@@@@@ [38;2;0;0;0m [39m
 [38;2;0;0;0m [38;2;170;115;85m~[38;2;238;158;117m@@[38;2;228;199;143m@@@@@@@[38;2;36;39;57m;[38;2;34;38;52m:::::[38;2;38;41;58m`[38;2;228;199;143m@@[38;2;194;204;139m@[38;2;165;208;136m@@@@@@@@@@@[38;2;35;38;55m`[38;2;34;38;52m:::::[38;2;104;150;173my[38;2;132;192;219m@@@@@@@@@@@@@@[38;2;201;157;229m@@@@@@@@@@@@@[38;2;163;127;185mF  [39m
 [38;2;0;0;0m  [38;2;234;176;129m~[38;2;228;199;143m@@@@@@@@@[38;2;35;38;55m;[38;2;34;38;52m:::::[38;2;35;38;53m`[38;2;162;204;135m7[38;2;165;208;136m@@@@@@@@@@[38;2;139;175;118mF[38;2;34;38;52m::::::[38;2;45;56;74my[38;2;132;192;219m@@@@@@@@@@@@@[38;2;201;157;229m@@@@@@@@@@@@@@[38;2;199;155;227mF   [39m
 [38;2;0;0;0m   [38;2;223;195;141m~[38;2;228;199;143m@@@@@@@@@[38;2;178;156;117my[38;2;34;38;52m:::::::[38;2;48;57;63m`[38;2;130;164;112m~[38;2;165;208;136mTTTT[38;2;147;185;124m~[38;2;41;47;59m`[38;2;34;38;52m:::::::[38;2;132;192;219mg@@@@@@@@@@@@[38;2;201;157;229m@@@@@@@@@@@@@@@~    [39m
 [38;2;0;0;0m    [38;2;228;199;143m`@@@@@@@@@[38;2;165;208;136m$[38;2;155;195;129my[38;2;34;38;52m::::::::::::::::::[38;2;132;192;219my@@@@@@@@@@@@[38;2;201;157;229m@@@@@@@@@@@@@@@@[38;2;200;156;228m`     [39m
 [38;2;0;0;0m      [38;2;228;199;143m~@@@@@[38;2;165;208;136m@@@@@gy_[38;2;34;38;52m::::::::::[38;2;78;110;129my[38;2;132;192;219mgg@@@@@@@@@@@@[38;2;201;158;229m@[38;2;201;157;229m@@@@@@@@@@@@@@@F       [39m
 [38;2;0;0;0m       [38;2;213;187;135m`[38;2;228;199;143m4@[38;2;165;208;136m@@@@@@@@@@@@$$$$[38;2;132;192;219m$@@@@@@@@@@@@@@@@[38;2;201;157;229m@@@@@@@@@@@@@@@@F[38;2;174;136;198m`        [39m
 [38;2;0;0;0m         [38;2;165;208;136m`5@@@@@@@@@@@@@[38;2;156;204;166m@[38;2;132;192;219m@@@@@@@@@@@@@@@@[38;2;201;157;229m@@@@@@@@@@@@@@@@F[38;2;198;155;226m`          [39m
 [38;2;0;0;0m            [38;2;165;208;136m~R@@@@@@@@[38;2;149;200;186m@[38;2;132;192;219m@@@@@@@@@@@@@@@@[38;2;201;157;229m@@@@@@@@@@@@@@@@~             [39m
 [38;2;0;0;0m              [38;2;159;201;133m`[38;2;165;208;136m~R@@@[38;2;141;197;202m@[38;2;132;192;219m@@@@@@@@@@@@@@@@[38;2;201;157;229m@@@@@@@@@@@@@@P~[38;2;186;145;211m`               [39m
 [38;2;0;0;0m                  [38;2;165;208;136m~[38;2;132;192;219m~4@@@@@@@@@@@@@@[38;2;201;157;229m@@@@@@@@@@@@PF~                   [39m
 [38;2;0;0;0m                       [38;2;117;170;194m~[38;2;132;192;219m~~PR@@@@@[38;2;201;157;229m@@@@@@@PPF~~                        [39m
[?25h